# # Recoil Energy (eV), Zn Diff Rate (events/kg/day/eV), Ge Diff Rate (events/kg/day/eV)
1.000000000000000000e+00 1.453511340376133276e+01 1.912037377116723746e+01
1.006938631476027579e+00 1.452699848703589325e+01 1.910914748996858137e+01
1.013925407558815106e+00 1.451885993069364211e+01 1.909788878835609793e+01
1.020960662306046762e+00 1.451069767856345649e+01 1.908659759105524145e+01
1.028044732093309266e+00 1.450251167442016431e+01 1.907527382273192984e+01
1.035177955630176339e+00 1.449430186198511805e+01 1.906391740799340084e+01
1.042360673976401531e+00 1.448606818492668502e+01 1.905252827138898297e+01
1.049593230558227397e+00 1.447781058686082645e+01 1.904110633741094105e+01
1.056875971184804142e+00 1.446953000235034104e+01 1.902965153049535729e+01
1.064209244064724169e+00 1.446124480723215910e+01 1.901816377502294486e+01
1.071593399822671211e+00 1.445293558877060391e+01 1.900664299531990054e+01
1.079028791516184027e+00 1.444460229058091194e+01 1.899508911565875380e+01
1.086515774652538235e+00 1.443624485622916254e+01 1.898350206025930120e+01
1.094054707205742716e+00 1.442786322923288189e+01 1.897188175328940574e+01
1.101645949633656585e+00 1.441945735306158660e+01 1.896022811886595960e+01
1.109289864895222744e+00 1.441102717113739473e+01 1.894854108105569068e+01
1.116986818467823106e+00 1.440257262683561912e+01 1.893682056387613599e+01
1.124737178364751733e+00 1.439409366348535713e+01 1.892506649129654051e+01
1.132541315152811867e+00 1.438559022437009638e+01 1.891327878723873113e+01
1.140399601970032650e+00 1.437706225272832938e+01 1.890145737557810079e+01
1.148312414543511073e+00 1.436850969175414683e+01 1.888960218014448955e+01
1.156280131207375828e+00 1.435993248459790195e+01 1.887771312472315444e+01
1.164303132920876616e+00 1.435133057436679316e+01 1.886579013305573937e+01
1.172381803286598911e+00 1.434270390412550888e+01 1.885383312884118112e+01
1.180516528568805068e+00 1.433405241689687770e+01 1.884184203573671823e+01
1.188707697711903322e+00 1.432537605566250072e+01 1.882981677735882542e+01
1.196955702359043361e+00 1.431667476336340883e+01 1.881775727728426517e+01
1.205260936870842459e+00 1.430794848290068799e+01 1.880566345905099013e+01
1.213623798344240834e+00 1.429919715713619688e+01 1.879353524615920179e+01
1.222044686631488242e+00 1.429042072889315840e+01 1.878137256207234529e+01
1.230524004359261570e+00 1.428161914095691820e+01 1.876917533021812545e+01
1.239062156947916327e+00 1.427279233607553444e+01 1.875694347398952289e+01
1.247659552630869584e+00 1.426394025696054157e+01 1.874467691674581715e+01
1.256316602474120581e+00 1.425506284628757747e+01 1.873237558181366680e+01
1.265033720395903449e+00 1.424616004669712233e+01 1.872003939248812188e+01
1.273811323186478495e+00 1.423723180079517547e+01 1.870766827203370397e+01
1.282649830528060475e+00 1.422827805115397304e+01 1.869526214368545425e+01
1.291549665014883885e+00 1.421929874031270913e+01 1.869032242515187647e+01
1.300511252173409016e+00 1.421029381077823572e+01 1.867766760527157643e+01
1.309535020482667234e+00 1.420126320502582473e+01 1.866497693907441402e+01
1.318621401394748593e+00 1.419220686549984833e+01 1.865225034796213777e+01
1.327770829355429782e+00 1.418312473461457834e+01 1.863948775331317265e+01
1.336983741824946392e+00 1.417401675475488254e+01 1.862668907648371786e+01
1.346260579298910187e+00 1.416488286827699383e+01 1.861385423880878776e+01
1.355601785329368481e+00 1.415572301750928119e+01 1.860098316160338783e+01
1.365007806546014058e+00 1.414653714475299218e+01 1.858807576616354140e+01
1.374479092677537428e+00 1.413732519228303985e+01 1.857513197376744785e+01
1.384016096573131405e+00 1.412808710234875775e+01 1.856215170567662653e+01
1.393619274224142446e+00 1.411882281717471699e+01 1.854913488313701464e+01
1.403289084785872776e+00 1.410953227896148832e+01 1.853608142738013598e+01
1.413025990599533932e+00 1.410021542988645038e+01 1.852299125962427695e+01
1.422830457214352640e+00 1.409087221210458196e+01 1.850986430107558789e+01
1.432702953409830782e+00 1.408150256774927378e+01 1.849670047292933361e+01
1.442643951218157694e+00 1.407765582381589553e+01 1.848349969637103030e+01
1.452653925946780777e+00 1.406809832287180662e+01 1.847026189257765694e+01
1.462733356201129986e+00 1.405851376246893558e+01 1.845698698271888816e+01
1.472882723907502633e+00 1.404890208336204438e+01 1.844367488795823817e+01
1.483102514336104294e+00 1.403926322628897516e+01 1.843032552945436109e+01
1.493393216124252243e+00 1.402959713197142300e+01 1.841693882836224816e+01
1.503755321299738101e+00 1.401990374111577786e+01 1.840351470583446769e+01
1.514189325304352129e+00 1.401018299441397730e+01 1.839005308302245822e+01
1.524695727017573832e+00 1.400043483254430576e+01 1.837655388107775067e+01
1.535275028780422657e+00 1.399065919617230058e+01 1.836301702115327572e+01
1.545927736419477450e+00 1.398085602595153709e+01 1.834944242440463569e+01
1.556654359271061550e+00 1.397102526252455768e+01 1.833583001199139417e+01
1.567455410205595312e+00 1.396116684652369599e+01 1.832217970507842253e+01
1.578331405652117381e+00 1.395128071857197583e+01 1.830849142483716463e+01
1.589282865622977825e+00 1.394136681928398858e+01 1.829476509244700821e+01
1.600310313738700696e+00 1.393142508926678325e+01 1.828100062909659584e+01
1.611414277253019556e+00 1.392145546912077947e+01 1.826723341329133987e+01
1.622595287078087534e+00 1.391145789944064326e+01 1.825345657855086401e+01
1.633853877809861244e+00 1.390143232081624092e+01 1.823964158274445069e+01
1.645190587753662559e+00 1.389137867383353431e+01 1.822578834769482370e+01
1.656605958949914248e+00 1.388129689907551523e+01 1.821189679524176697e+01
1.668100537200058797e+00 1.387118693712314155e+01 1.819796684724351721e+01
1.679674872092653537e+00 1.386104872855629111e+01 1.818399842557819923e+01
1.691329517029648066e+00 1.385088221395469610e+01 1.816999145214520084e+01
1.703065029252844420e+00 1.384068733389893779e+01 1.815594584886666496e+01
1.714881969870539757e+00 1.383046402897136673e+01 1.814186153768887522e+01
1.726780903884355567e+00 1.382021223975710988e+01 1.812773844058374095e+01
1.738762400216250725e+00 1.380993190684506366e+01 1.811357647955027517e+01
1.750827031735724404e+00 1.379962297082884071e+01 1.809937557661600849e+01
1.762975375287205715e+00 1.378928537230783036e+01 1.808513565383858079e+01
1.775208011717634982e+00 1.377891905188814370e+01 1.807085663330712322e+01
1.787525525904235080e+00 1.376853966041107569e+01 1.805653843714384976e+01
1.799928506782476845e+00 1.375816400863688571e+01 1.804218098750554944e+01
1.812417547374236992e+00 1.374775961216980669e+01 1.802778420658513170e+01
1.824993244816152327e+00 1.373732641209271499e+01 1.801334801661315055e+01
1.837656200388171124e+00 1.372686434950106538e+01 1.799887233985937485e+01
1.850407019542301690e+00 1.371637336550400654e+01 1.798435709863437637e+01
1.863246311931560317e+00 1.370585340122541140e+01 1.796980221529104682e+01
1.876174691439120634e+00 1.369530439780496245e+01 1.795520761222627826e+01
1.889192776207666347e+00 1.368472629639920690e+01 1.794057321188247656e+01
1.902301188668944487e+00 1.367411903818265806e+01 1.792589893674924539e+01
1.915500555573527608e+00 1.366348256434888597e+01 1.791118470936498142e+01
1.928791508020778256e+00 1.365281681611161879e+01 1.789643045231850138e+01
1.942174681489025723e+00 1.364212173470585121e+01 1.788163608825074391e+01
1.955650715865949074e+00 1.363139726138896357e+01 1.786680153985635755e+01
1.969220255479172232e+00 1.362064333744185340e+01 1.785192672988546292e+01
1.982883949127071110e+00 1.360985990417007585e+01 1.783701158114525498e+01
1.996642450109793909e+00 1.359904690290496632e+01 1.782205601650175097e+01
2.010496416260498354e+00 1.358820427500482531e+01 1.780705995888152060e+01
2.024446509976803643e+00 1.357733196185605529e+01 1.779202333127334157e+01
2.038493398252463340e+00 1.356642990487434375e+01 1.777694605673002570e+01
2.052637752709252084e+00 1.355549804550584270e+01 1.776182805837006029e+01
2.066880249629082567e+00 1.354453632522835527e+01 1.774666925937949813e+01
2.081221569986338338e+00 1.353354468555252055e+01 1.773146958301360243e+01
2.095662399480433091e+00 1.352252306802305171e+01 1.771622895259872976e+01
2.110203428568595552e+00 1.351147141421991016e+01 1.770094729153408508e+01
2.124845352498882622e+00 1.350038966575956501e+01 1.768562452329354073e+01
2.139588871343422127e+00 1.348927776429620273e+01 1.767026057142746254e+01
2.154434690031883814e+00 1.347813565152298843e+01 1.765485535956454655e+01
2.169383518385184395e+00 1.346696326917330033e+01 1.763940881141368067e+01
2.184436071149427505e+00 1.345576055902199286e+01 1.762392085076578496e+01
2.199593068030074594e+00 1.344452746288667200e+01 1.760839140149570881e+01
2.214855233726359618e+00 1.343326392262897961e+01 1.759282038756411026e+01
2.230223297965937768e+00 1.342196988015586534e+01 1.757720773301936035e+01
2.245697995539774450e+00 1.341064527742089041e+01 1.756155336199946504e+01
2.261280066337278516e+00 1.339929005642554749e+01 1.754585719873397309e+01
2.276970255381679742e+00 1.338790415922055921e+01 1.753011916754595134e+01
2.292769312865649223e+00 1.337648752790720152e+01 1.751433919285391738e+01
2.308677994187168903e+00 1.336504010463865733e+01 1.749851719917377935e+01
2.324697059985648018e+00 1.335356183162135224e+01 1.748265311112091425e+01
2.340827276178293115e+00 1.334205265111628691e+01 1.746674685341203315e+01
2.357069413996727647e+00 1.333051250544043853e+01 1.745079835086729858e+01
2.373424250023866922e+00 1.331894133696811799e+01 1.743480752841228920e+01
2.389892566231049731e+00 1.330733908813233057e+01 1.741877431108005325e+01
2.406475150015424447e+00 1.329570570142620234e+01 1.740269862401315137e+01
2.423172794237599348e+00 1.328404111940435683e+01 1.738658039246572784e+01
2.439986297259550074e+00 1.327234528468434860e+01 1.737041954180557823e+01
2.456916462982790872e+00 1.326061813994805405e+01 1.735421599751625976e+01
2.473964100886813622e+00 1.324885962794314054e+01 1.733796968519915538e+01
2.491130026067788883e+00 1.323706969148448387e+01 1.732168053057564805e+01
2.508415059277540049e+00 1.322524827345561249e+01 1.730534845948920264e+01
2.525820026962784404e+00 1.321339531681020674e+01 1.728897339790753662e+01
2.543345761304649066e+00 1.320151076457351458e+01 1.727255598289420035e+01
2.560993100258458721e+00 1.318959455984387219e+01 1.725609823859437952e+01
2.578762887593801345e+00 1.317764664579418898e+01 1.723959729383980743e+01
2.596655972934871048e+00 1.316566696567345041e+01 1.722305307515027550e+01
2.614673211801091579e+00 1.315365546280820830e+01 1.720646550918080209e+01
2.632815465648020936e+00 1.314161208060412633e+01 1.718983452272390267e+01
2.651083601908538423e+00 1.312953676254750590e+01 1.717316004271184582e+01
2.669478494034321248e+00 1.311742945220681911e+01 1.715644199621887367e+01
2.688001021537606228e+00 1.310529009323427729e+01 1.713968031046352891e+01
2.706652070033241486e+00 1.309311862936737114e+01 1.712287491281088592e+01
2.725432531281029025e+00 1.308091500443046939e+01 1.710602573077491328e+01
2.744343303228364839e+00 1.306867916233638738e+01 1.708913269202073337e+01
2.763385290053170351e+00 1.305641104708797862e+01 1.707219572436699551e+01
2.782559402207124499e+00 1.304411060277974599e+01 1.705521475578820656e+01
2.801866556459195134e+00 1.303177777359946532e+01 1.703818971441711128e+01
2.821307675939471959e+00 1.301941250382978055e+01 1.702112052854703350e+01
2.840883690183303223e+00 1.300701731998169564e+01 1.700400712663430980e+01
2.860595535175742388e+00 1.299458966144539396e+01 1.698684943730065555e+01
2.880444153396296336e+00 1.298212940434133600e+01 1.696964738933561989e+01
2.900430493863991543e+00 1.296963649337333635e+01 1.695240091169900509e+01
2.920555512182746227e+00 1.295711087334844969e+01 1.693510993352330019e+01
2.940820170587063132e+00 1.294455248917864409e+01 1.691777438411622470e+01
2.961225437988034948e+00 1.293196128588250815e+01 1.690039419296307699e+01
2.981772290019672145e+00 1.291933720858695445e+01 1.688296928972937749e+01
3.002461709085549213e+00 1.290668020252895332e+01 1.686549960426325256e+01
3.023294684405777311e+00 1.289399021305726656e+01 1.684798506659807060e+01
3.044272212064301986e+00 1.288126718563417583e+01 1.683042560695490408e+01
3.065395295056527303e+00 1.286851106583725546e+01 1.681282115574511238e+01
3.086664943337273481e+00 1.285572179936112747e+01 1.679517164357295300e+01
3.108082173869064047e+00 1.284289933201925038e+01 1.677747700123811114e+01
3.129648010670751823e+00 1.283004360974568669e+01 1.675973715973832867e+01
3.151363484866478437e+00 1.281715457859692719e+01 1.674195205027205091e+01
3.173229634734977100e+00 1.280423218475369040e+01 1.672412160424100946e+01
3.195247505759212014e+00 1.279127637452273980e+01 1.670624575325292227e+01
3.217418150676371713e+00 1.277828709433873478e+01 1.668832442912412262e+01
3.239742629528197249e+00 1.276526429076603897e+01 1.667035756388227341e+01
3.262222009711669202e+00 1.275220791050063696e+01 1.667026289944697481e+01
3.284857366030044634e+00 1.273911790037192837e+01 1.665243867641293107e+01
3.307649780744240875e+00 1.272599420734467657e+01 1.663462074965590531e+01
3.330600343624588788e+00 1.271283677852084715e+01 1.661676042311346535e+01
3.353710152002930656e+00 1.269964556114152643e+01 1.659885510395857011e+01
3.376980310825090648e+00 1.268642050258885767e+01 1.658090783457459239e+01
3.400411932703706785e+00 1.267316155038792758e+01 1.656291973857053179e+01
3.424006137971423946e+00 1.265986865220873980e+01 1.654488647969717618e+01
3.447764054734464345e+00 1.264654175586812102e+01 1.652680799394022415e+01
3.471686818926561280e+00 1.263318080933172283e+01 1.650868421752338833e+01
3.495775574363274352e+00 1.261978576071597757e+01 1.649051508691117007e+01
3.520031472796679939e+00 1.260635655829006474e+01 1.647230053881166612e+01
3.544455673970434706e+00 1.259289315047793245e+01 1.645404051017940006e+01
3.569049345675229468e+00 1.257939548586029233e+01 1.643573493821817522e+01
3.593813663804627634e+00 1.256586351317664096e+01 1.641738376038390967e+01
3.618749812411279354e+00 1.256575986875607676e+01 1.639899611634456633e+01
3.643858983763545556e+00 1.255233529107960777e+01 1.638056521959942557e+01
3.669142378402493243e+00 1.253890619666291961e+01 1.636208856774750231e+01
3.694601205199302463e+00 1.252545440589163661e+01 1.634356609938201288e+01
3.720236681413067625e+00 1.251196871989297676e+01 1.632499832372213078e+01
3.746050032748991843e+00 1.249845016061729552e+01 1.630638496372794677e+01
3.772042493416998266e+00 1.248490211226098445e+01 1.628772560755409415e+01
3.798215306190735330e+00 1.247132004024176410e+01 1.626902019488695217e+01
3.824569722466999000e+00 1.245770389627780794e+01 1.625026866569156780e+01
3.851107002325570683e+00 1.244405363226614902e+01 1.623147096021468627e+01
3.877828414589456152e+00 1.243036920028480097e+01 1.621262701898779213e+01
3.904735236885561012e+00 1.241665055259488071e+01 1.619373678283014684e+01
3.931828755705769396e+00 1.240289764164271347e+01 1.617480019285183701e+01
3.959110266468458761e+00 1.238911042006198393e+01 1.615581719045687947e+01
3.986581073580440560e+00 1.237528884067589097e+01 1.613678771734627304e+01
4.014242490499320581e+00 1.236143778617714162e+01 1.611771171552114623e+01
4.042095839796306933e+00 1.234755614571528604e+01 1.609858912728588720e+01
4.070142453219437684e+00 1.233364003483460003e+01 1.607941989525124171e+01
4.098383671757261482e+00 1.231968940721334960e+01 1.606020396233752123e+01
4.126820845702954266e+00 1.230570448784732562e+01 1.604094127177773288e+01
4.155455334718875626e+00 1.229168538481848927e+01 1.602163206427238151e+01
4.184288507901581688e+00 1.227763162951139897e+01 1.600227657781168844e+01
4.213321743847288303e+00 1.226354317642604741e+01 1.598287416808681272e+01
4.242556430717777438e+00 1.224941998027190770e+01 1.596342477962097206e+01
4.271993966306778745e+00 1.223526199597024089e+01 1.594392835726623403e+01
4.301635758106795215e+00 1.222106917865635900e+01 1.592438484620677741e+01
4.331483223376399572e+00 1.220684148368190058e+01 1.590479419196218558e+01
4.361537789208004945e+00 1.219257886661716128e+01 1.588515634039077540e+01
4.391800892596085859e+00 1.217828128325339421e+01 1.586547123769288525e+01
4.422273980505899260e+00 1.216394868960513520e+01 1.584573883041422881e+01
4.452958509942654963e+00 1.214958104191256361e+01 1.582595906544926123e+01
4.483855948021187032e+00 1.213517829664383463e+01 1.580613189004454888e+01
4.514967772036100335e+00 1.212074041049745254e+01 1.578626687089897729e+01
4.546295469532399380e+00 1.210626734040465458e+01 1.576637694376556098e+01
4.577840538376618973e+00 1.209175904353178588e+01 1.574643954730545481e+01
4.609604486828433600e+00 1.207721554871247349e+01 1.572645463042572267e+01
4.641588833612778409e+00 1.206263733977160513e+01 1.570642214240245949e+01
4.673795107992462228e+00 1.204802377907412136e+01 1.568634203288423556e+01
4.706224849841281532e+00 1.203337482475643938e+01 1.566621425189561023e+01
4.738879609717653096e+00 1.201869043520223634e+01 1.564603874984060639e+01
4.771760948938745805e+00 1.200397056904490256e+01 1.562581614482310854e+01
4.804870439655130276e+00 1.198921518517002838e+01 1.560555355448846804e+01
4.838209664925956055e+00 1.197442424271788397e+01 1.558524312309551441e+01
4.871780218794632411e+00 1.195959770108592402e+01 1.556488480267058883e+01
4.905583706365048258e+00 1.194473551993131188e+01 1.554447854563734666e+01
4.939621743878320537e+00 1.192983765917342076e+01 1.552402430482032436e+01
4.973895958790063965e+00 1.191490407899640758e+01 1.550352203344856861e+01
5.008407989848211450e+00 1.189993645684111279e+01 1.548297168515929556e+01
5.043159487171360311e+00 1.188495558824514475e+01 1.546237321400150933e+01
5.078152112327673606e+00 1.186993895562931733e+01 1.544172657443969143e+01
5.113387538414325917e+00 1.185488652042678837e+01 1.542103172135749212e+01
5.148867450137493584e+00 1.183979824434825545e+01 1.540028861006142513e+01
5.184593543892911605e+00 1.182467408938450859e+01 1.537949719628458212e+01
5.220567527846976752e+00 1.180951401780905918e+01 1.535865743619039492e+01
5.256791122018421802e+00 1.179431799218080279e+01 1.533776928637638726e+01
5.293266058360561743e+00 1.177908597534662860e+01 1.531683270387792994e+01
5.329994080844088877e+00 1.176382337602671413e+01 1.529584764617204939e+01
5.366976945540474553e+00 1.174852568831649435e+01 1.527481519996449322e+01
5.404216420705916235e+00 1.173319191969426889e+01 1.525373586440445983e+01
5.441714286865890315e+00 1.171782203423783209e+01 1.523260793744725383e+01
5.479472336900286678e+00 1.170241599632647755e+01 1.521143137839733228e+01
5.517492376129125908e+00 1.168697377064369824e+01 1.519020614702004579e+01
5.555776222398876030e+00 1.167149532217995045e+01 1.516893220354554117e+01
5.594325706169378520e+00 1.165598061623540183e+01 1.512745009676906882e+01
5.633142670601354318e+00 1.164042961842267587e+01 1.510663285405873069e+01
5.672228971644543094e+00 1.162484229466964081e+01 1.508576833123950678e+01
5.711586478126432276e+00 1.160921861122220378e+01 1.506485649276960714e+01
5.751217071841612238e+00 1.159355853464710151e+01 1.504389730357519461e+01
5.791122647641759436e+00 1.157786203183471763e+01 1.502289072905416312e+01
5.831305113526221717e+00 1.156212907000191947e+01 1.500183673507993554e+01
5.871766390733255570e+00 1.154635961669488786e+01 1.498073528800532372e+01
5.912508413831877974e+00 1.153055363979198589e+01 1.495958635466633524e+01
5.953533130814368413e+00 1.151471147785061078e+01 1.493838990238606002e+01
5.994842503189410365e+00 1.149883446607312010e+01 1.491714589897852861e+01
6.036438506075866961e+00 1.148292084290233106e+01 1.489585431275263439e+01
6.078323128297229871e+00 1.146697057759110550e+01 1.487451511251600067e+01
6.120498372476699700e+00 1.145098363973896305e+01 1.485312826757892779e+01
6.162966255132940496e+00 1.143495999929500151e+01 1.483169374775833838e+01
6.205728806776502182e+00 1.140361236312621251e+01 1.481021152338173330e+01
6.248788072006891348e+00 1.138793263965657765e+01 1.478868156529115296e+01
6.292146109610343707e+00 1.137221729209594479e+01 1.476710384484718119e+01
6.335804992658251145e+00 1.135646629357982995e+01 1.474547833393295271e+01
6.379766808606280648e+00 1.134067961759572896e+01 1.472380500495818012e+01
6.424033659394192242e+00 1.132485723798598976e+01 1.470208383086314363e+01
6.468607661546325716e+00 1.130899912895065640e+01 1.468031478512284593e+01
6.513490946272802340e+00 1.129310526505037160e+01 1.465849784175100012e+01
6.558685659571431792e+00 1.127717562120927397e+01 1.463663297530413132e+01
6.604193962330303869e+00 1.126121017271788105e+01 1.461472016088573156e+01
6.650018030431120053e+00 1.124520889523602030e+01 1.459275937415030810e+01
6.696160054853220522e+00 1.122917176479576007e+01 1.457075059130760408e+01
6.742622241778342129e+00 1.121309875780436016e+01 1.454869378912667877e+01
6.789406812696109128e+00 1.119698985104720457e+01 1.452658894494010511e+01
6.836516004510237110e+00 1.118084502169078931e+01 1.450443603664817616e+01
6.883952069645498106e+00 1.116466424728570139e+01 1.448223504272309370e+01
6.931717276155406005e+00 1.114844750576959242e+01 1.445998594221317113e+01
6.979813907830660469e+00 1.113219477547020730e+01 1.443768871474710735e+01
7.028244264308349365e+00 1.111590603510838626e+01 1.441534334053819499e+01
7.077010661181887485e+00 1.109958126380109356e+01 1.439294980038863159e+01
7.126115430111747528e+00 1.108322044106446214e+01 1.437050807569377220e+01
7.175560918936926491e+00 1.106682354681685787e+01 1.434801814844645129e+01
7.225349491787214085e+00 1.105039056138192599e+01 1.432548000124130105e+01
7.275483529196228538e+00 1.103392146549168551e+01 1.430289361727906794e+01
7.325965428215230446e+00 1.101741624028960231e+01 1.428025898037096297e+01
7.376797602527732423e+00 1.100087486733373154e+01 1.425757607494307422e+01
7.427982482564916111e+00 1.098429732859977470e+01 1.423485221751506735e+01
7.479522515621821022e+00 1.096768360648425045e+01 1.421208358839520436e+01
7.531420165974371805e+00 1.095103368380762987e+01 1.418926668004958813e+01
7.583677914997190683e+00 1.093434754381747531e+01 1.416640147947734363e+01
7.636298261282243871e+00 1.091762517019161827e+01 1.414348797431440907e+01
7.689283720758311347e+00 1.090086654704132485e+01 1.412052615283803902e+01
7.742636826811269302e+00 1.088407165891448436e+01 1.409751600397122573e+01
7.796360130405233235e+00 1.086724049079883869e+01 1.407445751728725725e+01
7.850456200204509294e+00 1.085037302812516380e+01 1.405135068301417078e+01
7.904927622696422240e+00 1.083346925677050621e+01 1.402819549203930727e+01
7.959777002314983640e+00 1.081652916306142309e+01 1.400499193591385705e+01
8.015006961565404708e+00 1.079955273377724900e+01 1.398174000685739138e+01
8.070620141149502658e+00 1.078253995615332883e+01 1.395843969776247384e+01
8.126619200091946382e+00 1.076549081788432538e+01 1.393509100219922203e+01
8.183006815867392092e+00 1.074840530712747366e+01 1.391169391441994208e+01
8.239785684528516896e+00 1.073128707404964466e+01 1.388824842936369741e+01
8.296958520834905926e+00 1.071413696138892391e+01 1.386475454266101082e+01
8.354528058382866718e+00 1.069695046783712478e+01 1.384121225063848648e+01
8.412497049736117560e+00 1.067972758348750872e+01 1.381762155032348360e+01
8.470868266557404880e+00 1.066246829891248815e+01 1.379398243944878999e+01
8.529644499741023012e+00 1.064517260516698727e+01 1.377029491645736492e+01
8.588828559546252350e+00 1.062784049379179230e+01 1.374655898050699676e+01
8.648423275731722981e+00 1.061047195681696031e+01 1.372277463147510268e+01
8.708431497690723333e+00 1.059306698676520853e+01 1.369894186996341823e+01
8.768856094587428984e+00 1.057562557665531244e+01 1.367506069730280061e+01
8.829699955494088925e+00 1.055814772000553603e+01 1.365113111555799463e+01
8.890965989529160396e+00 1.054063341083706362e+01 1.362715312753242891e+01
8.952657125996395848e+00 1.052308264367743540e+01 1.360312673677305106e+01
9.014776314524917566e+00 1.050549541356401306e+01 1.357905194757510436e+01
9.077326525210226649e+00 1.048787171604744373e+01 1.355492876498702515e+01
9.140310748756229842e+00 1.047021154719515224e+01 1.353075719481527095e+01
9.203731996618223832e+00 1.045251490359481039e+01 1.350653724362919128e+01
9.267593301146877849e+00 1.043478178235786480e+01 1.348226891876594458e+01
9.331897715733239451e+00 1.041701218112304872e+01 1.345795222833538851e+01
9.396648314954692438e+00 1.039920609805988860e+01 1.343358718122497031e+01
9.461848194722000116e+00 1.038136353187227989e+01 1.340917378710473251e+01
9.527500472427291811e+00 1.036348448180200954e+01 1.338471205643218198e+01
9.593608287093141840e+00 1.034556894763235135e+01 1.336020200045731698e+01
9.660174799522645017e+00 1.032761692969160094e+01 1.333564363122757435e+01
9.727203192450540215e+00 1.030962842885670483e+01 1.331103696159286187e+01
9.794696670695392626e+00 1.029160344655683623e+01 1.328638200521051260e+01
9.862658461312822311e+00 1.027354198477701352e+01 1.326167877655037231e+01
9.931091813749794994e+00 1.025544404606173110e+01 1.323692729089979814e+01
1.000000000000000000e+01 1.023730963351856893e+01 1.321212756436873725e+01
1.006938631476027624e+01 1.021913875082188383e+01 1.318746026805983362e+01
1.013925407558815373e+01 1.020093140221641903e+01 1.316277705266952758e+01
1.020960662306046451e+01 1.018268759252102207e+01 1.313804620891945873e+01
1.028044732093309221e+01 1.016440732713227924e+01 1.311326775674144862e+01
1.035177955630176250e+01 1.014609061202824591e+01 1.308844171690611446e+01
1.042360673976401664e+01 1.012773745377214496e+01 1.306356811102791582e+01
1.049593230558227752e+01 1.010934785951606507e+01 1.303864696157022962e+01
1.056875971184804008e+01 1.009092183700471246e+01 1.301367829185040392e+01
1.064209244064724125e+01 1.007245939457912876e+01 1.298866212604483827e+01
1.071593399822671167e+01 1.005396054118046045e+01 1.296361183642117787e+01
1.079028791516184071e+01 1.003542528635371944e+01 1.293852255594065603e+01
1.086515774652538369e+01 1.001685364025153824e+01 1.291338591991888229e+01
1.094054707205742361e+01 9.998245613637982032e+00 1.288820195613755892e+01
1.101645949633656407e+01 9.979601217892319909e+00 1.286297069326265508e+01
1.109289864895222699e+01 9.960920465012854663e+00 1.283769216084964171e+01
1.116986818467823106e+01 9.942302960625559294e+00 1.281236638934859684e+01
1.124737178364751955e+01 9.923709908411115777e+00 1.278699341010941382e+01
1.132541315152811556e+01 9.905080960144275082e+00 1.276157325538699894e+01
1.140399601970032428e+01 9.886416130701569216e+00 1.273610595834647619e+01
1.148312414543511117e+01 9.867715435590781681e+00 1.271059155306840793e+01
1.156280131207375916e+01 9.848978890954750653e+00 1.268503007455403342e+01
1.164303132920876749e+01 9.830206513575173943e+00 1.265942155873049302e+01
1.172381803286598512e+01 9.811398320876426382e+00 1.263376604245614132e+01
1.180516528568804979e+01 9.792554330929398532e+00 1.260806356352576429e+01
1.188707697711903322e+01 9.773680879772914665e+00 1.258231416067586572e+01
1.196955702359043450e+01 9.754781770976109101e+00 1.255651787359000870e+01
1.205260936870842592e+01 9.735846970374483433e+00 1.253067474290409322e+01
1.213623798344240612e+01 9.716876498752377245e+00 1.250478481021166566e+01
1.222044686631488020e+01 9.697870377559661748e+00 1.247884811806927452e+01
1.230524004359261525e+01 9.678828628915606913e+00 1.245286471000181017e+01
1.239062156947916193e+01 9.659751275612800114e+00 1.242683463050784098e+01
1.247659552630869761e+01 9.640638341121009702e+00 1.240075792506501529e+01
1.256316602474120891e+01 9.621489849591132071e+00 1.237463464013541703e+01
1.265033720395903138e+01 9.602305825859104971e+00 1.234846482317096594e+01
1.273811323186478539e+01 9.583086295449829706e+00 1.232224852261879988e+01
1.282649830528060519e+01 9.563831284581123526e+00 1.229598578792672825e+01
1.291549665014884063e+01 9.544540820167677353e+00 1.226967666954861613e+01
1.300511252173409282e+01 9.525214929824995735e+00 1.224332121894985015e+01
1.309535020482667100e+01 9.505853641873397208e+00 1.221691948861277055e+01
1.318621401394748460e+01 9.486456985341961357e+00 1.219047153204212641e+01
1.327770829355429782e+01 9.467024989972543381e+00 1.216397740377054681e+01
1.336983741824946570e+01 9.447557686223762019e+00 1.213743715936403156e+01
1.346260579298910365e+01 9.428055105275008785e+00 1.211085085542742057e+01
1.355601785329368170e+01 9.408517279030462532e+00 1.208421854960991482e+01
1.365007806546013747e+01 9.388944240123121787e+00 1.205754030061056703e+01
1.374479092677537295e+01 9.369336021918828195e+00 1.203081616818380617e+01
1.384016096573131627e+01 9.349692658520314836e+00 1.200404621314498321e+01
1.393619274224142757e+01 9.330014184771266983e+00 1.197723049737588852e+01
1.403289084785872376e+01 9.310300636260368634e+00 1.195036908383031893e+01
1.413025990599533621e+01 9.290552049325379258e+00 1.192346203653962533e+01
1.422830457214352684e+01 9.270768461057210530e+00 1.189650942061828331e+01
1.432702953409831004e+01 9.250949909304008401e+00 1.186951130226948159e+01
1.442643951218158094e+01 9.231096432675263586e+00 1.184246774879069264e+01
1.452653925946780511e+01 9.211208070545888305e+00 1.181537882857928068e+01
1.462733356201129808e+01 9.191284863060351640e+00 1.178824461113810607e+01
1.472882723907502545e+01 9.171326851136777591e+00 1.176106516708113325e+01
1.483102514336104427e+01 9.151334076471091095e+00 1.173384056813905651e+01
1.493393216124252554e+01 9.131306581541144496e+00 1.170657088716491856e+01
1.503755321299737702e+01 9.111244409610856465e+00 1.167925619813978244e+01
1.514189325304351996e+01 9.091147604734365117e+00 1.165189657617834840e+01
1.524695727017573788e+01 9.071016211760197123e+00 1.162449209753461332e+01
1.535275028780422701e+01 9.050850276335404843e+00 1.159704283960753912e+01
1.545927736419477760e+01 9.030649844909785173e+00 1.156965724914977578e+01
1.556654359271061239e+01 9.010414964740007804e+00 1.154230089153120531e+01
1.567455410205595001e+01 8.990145683893841166e+00 1.151490037590285098e+01
1.578331405652117247e+01 8.969842051254326876e+00 1.148757499999580745e+01
1.589282865622977958e+01 8.949504116524005681e+00 1.146031678440621171e+01
1.600310313738700785e+01 8.929131930229088354e+00 1.143301523208275761e+01
1.611414277253019023e+01 8.908725543723706508e+00 1.140567042815896670e+01
1.622595287078087267e+01 8.888285009194108355e+00 1.137828245893171264e+01
1.633853877809861288e+01 8.867810379662916631e+00 1.135085141186673852e+01
1.645190587753662470e+01 8.847301708993336788e+00 1.132337737560416890e+01
1.656605958949914381e+01 8.826759051893407815e+00 1.129586043996398104e+01
1.668100537200059108e+01 8.806182463920261938e+00 1.126830069595155592e+01
1.679674872092653004e+01 8.785572001484370119e+00 1.124069823576316374e+01
1.691329517029647889e+01 8.764927721853783993e+00 1.121305315279150250e+01
1.703065029252844198e+01 8.744249683158438202e+00 1.118536554163121188e+01
1.714881969870539891e+01 8.723588334176698211e+00 1.115763549808441368e+01
1.726780903884355922e+01 8.702980212067464194e+00 1.112986311916622917e+01
1.738762400216250370e+01 8.682338798584892103e+00 1.110204850311033908e+01
1.750827031735724404e+01 8.661714465714046796e+00 1.107419174937448680e+01
1.762975375287205893e+01 8.641180162658603336e+00 1.104617697461829273e+01
1.775208011717635159e+01 8.620613186511217663e+00 1.101803491898879805e+01
1.787525525904235479e+01 8.600013601228337023e+00 1.098985071806123415e+01
1.799928506782476489e+01 8.579381471642177459e+00 1.096162447777151883e+01
1.812417547374236548e+01 8.558716863464853830e+00 1.093335630532535241e+01
1.824993244816152327e+01 8.538019843292545374e+00 1.090504630920381857e+01
1.837656200388171612e+01 8.517290478609620408e+00 1.087669503657655667e+01
1.850407019542302223e+01 8.496528837792792999e+00 1.084830732697054145e+01
1.863246311931559873e+01 8.475734990115304512e+00 1.081987814186890517e+01
1.876174691439120323e+01 8.454909005751037654e+00 1.079140759492853086e+01
1.889192776207666213e+01 8.434050955778722880e+00 1.076289580110970512e+01
1.902301188668944931e+01 8.413160912186087970e+00 1.073434287668170128e+01
1.915500555573527919e+01 8.392238947874005817e+00 1.070574893922846194e+01
1.928791508020777812e+01 8.371285136660709725e+00 1.067711410765419622e+01
1.942174681489025545e+01 8.350299553285918108e+00 1.064843850218904286e+01
1.955650715865949252e+01 8.329229431866705724e+00 1.061972224439468881e+01
1.969220255479172366e+01 8.308028863865292379e+00 1.059096545717003579e+01
1.982883949127071332e+01 8.286796517058276024e+00 1.056216826475677273e+01
1.996642450109793288e+01 8.265532471060392794e+00 1.053333079274508677e+01
2.010496416260497909e+01 8.244236806442298615e+00 1.050445316807923035e+01
2.024446509976803910e+01 8.222909604734832456e+00 1.047553551906317715e+01
2.038493398252463251e+01 8.201550948433236954e+00 1.044657797536627797e+01
2.052637752709252084e+01 8.180164509423567765e+00 1.041758066802883498e+01
2.066880249629081945e+01 8.158747426682587900e+00 1.038854372946774696e+01
2.081221569986338338e+01 8.137299153997451739e+00 1.035946729348215456e+01
2.095662399480433180e+01 8.115819777776845712e+00 1.033035149525902341e+01
2.110203428568595641e+01 8.094309385414952374e+00 1.030119647137878580e+01
2.124845352498882889e+01 8.072768065295703011e+00 1.027200235982093091e+01
2.139588871343421417e+01 8.051195906797010693e+00 1.024276929996963403e+01
2.154434690031883193e+01 8.029593000295019323e+00 1.021349743261933618e+01
2.169383518385184217e+01 8.007959437168366890e+00 1.018418689998037330e+01
2.184436071149427150e+01 7.986295309802420306e+00 1.015483784568454340e+01
2.199593068030074861e+01 7.964600711593519122e+00 1.012557292261169550e+01
2.214855233726359174e+01 7.942875736953229904e+00 1.009634903456961652e+01
2.230223297965937590e+01 7.921120481312571293e+00 1.006708754436511200e+01
2.245697995539773828e+01 7.899335041126294144e+00 1.003778860129387418e+01
2.261280066337278427e+01 7.877519513877079049e+00 1.000845235608771766e+01
2.276970255381679920e+01 7.855673998079815590e+00 9.979078960920077179e+00
2.292769312865650022e+01 7.833798593285812295e+00 9.949668569411386443e+00
2.308677994187168636e+01 7.811893400087051909e+00 9.920221336634517328e+00
2.324697059985647840e+01 7.789958520120412011e+00 9.890737419120171126e+00
2.340827276178293204e+01 7.767994056071905185e+00 9.861216974862308859e+00
2.357069413996727647e+01 7.746000111680920952e+00 9.831660163323522994e+00
2.373424250023867543e+01 7.723976791744417980e+00 9.802067145440405582e+00
2.389892566231048932e+01 7.701924202121186447e+00 9.772438083628969707e+00
2.406475150015424092e+01 7.679842449736038468e+00 9.742773141789950131e+00
2.423172794237599348e+01 7.657731642584051812e+00 9.713072485314210525e+00
2.439986297259550341e+01 7.635649595421982738e+00 9.683336281088063657e+00
2.456916462982791316e+01 7.613632980714711174e+00 9.653564697498604019e+00
2.473964100886813000e+01 7.591588003441947841e+00 9.623757904439038668e+00
2.491130026067788350e+01 7.569514775865443745e+00 9.593916073313978998e+00
2.508415059277539783e+01 7.547413411328300903e+00 9.564039377044757373e+00
2.525820026962784581e+01 7.525284024259061511e+00 9.534127990074717118e+00
2.543345761304649599e+01 7.503126730175792680e+00 9.504182088374466986e+00
2.560993100258458099e+01 7.480941645690180941e+00 9.474201849447158708e+00
2.578762887593800812e+01 7.458728888511592103e+00 9.444322152577086626e+00
2.596655972934870960e+01 7.436488577451165760e+00 9.414410266400878413e+00
2.614673211801092023e+01 7.414220832425856500e+00 9.384464841412452074e+00
2.632815465648021203e+01 7.391925774462513310e+00 9.354486060554881632e+00
2.651083601908537446e+01 7.369603525701914570e+00 9.324474108317005516e+00
2.669478494034320804e+01 7.347254209402815484e+00 9.294429170738530033e+00
2.688001021537606050e+01 7.324877949945994615e+00 9.264351435415091984e+00
2.706652070033241131e+01 7.302474872838268460e+00 9.234241091503323062e+00
2.725432531281029114e+01 7.280045104716521998e+00 9.204098329725898253e+00
2.744343303228363951e+01 7.257588773351714373e+00 9.173923342376536283e+00
2.763385290053169996e+01 7.235106007652888138e+00 9.143716323325035589e+00
2.782559402207124322e+01 7.212596937671155395e+00 9.113477468022244565e+00
2.801866556459195223e+01 7.190061694603698150e+00 9.083206973505047799e+00
2.821307675939472048e+01 7.167500410797734922e+00 9.052905038401313220e+00
2.840883690183302690e+01 7.144913219754482014e+00 9.022571862934828602e+00
2.860595535175741944e+01 7.122378346564762985e+00 8.992207648930213182e+00
2.880444153396296514e+01 7.099842559855280122e+00 8.961812599817823966e+00
2.900430493863991543e+01 7.077281466920676500e+00 8.931386920638622939e+00
2.920555512182746583e+01 7.054695205360271615e+00 8.900930818049035409e+00
2.940820170587062066e+01 7.032083913937405839e+00 8.870444500325794124e+00
2.961225437988034415e+01 7.009447732583239166e+00 8.839953079399148095e+00
2.981772290019671701e+01 6.986786802400619223e+00 8.809536105516643900e+00
3.002461709085549302e+01 6.964101265667871132e+00 8.779089842166490243e+00
3.023294684405777843e+01 6.941391265842611347e+00 8.748614503931845476e+00
3.044272212064302607e+01 6.918656947565529514e+00 8.718110307030125128e+00
3.065395295056526592e+01 6.895898456664163234e+00 8.687577469317600887e+00
3.086664943337272859e+01 6.873115940156671932e+00 8.657016210293976499e+00
3.108082173869063780e+01 6.850309546255584081e+00 8.626426751106963664e+00
3.129648010670752001e+01 6.827479424371527550e+00 8.595809314556799308e+00
3.151363484866479325e+01 6.804625725116955515e+00 8.565164125100764636e+00
3.173229634734976301e+01 6.781748600309859043e+00 8.534491408857663330e+00
3.195247505759212103e+01 6.758848202977451258e+00 8.503791393612255334e+00
3.217418150676371624e+01 6.735924687359847063e+00 8.473166147594680453e+00
3.239742629528197426e+01 6.712978208913744638e+00 8.442644239430963538e+00
3.262222009711669557e+01 6.690008924316037664e+00 8.430572318725204184e+00
3.284857366030043835e+01 6.667016991467486164e+00 8.400558521248095545e+00
3.307649780744240786e+01 6.644096456671922724e+00 8.370519257890888909e+00
3.330600343624588788e+01 6.621157197367621094e+00 8.340454756103696354e+00
3.353710152002930300e+01 6.598195990113590703e+00 8.310365244948446417e+00
3.376980310825091181e+01 6.575212997568393725e+00 8.280252641699139105e+00
3.400411932703705986e+01 6.552208383624828159e+00 8.250133323373159300e+00
3.424006137971424124e+01 6.529182313413392613e+00 8.219989736280471249e+00
3.447764054734464167e+01 6.506134953305727997e+00 8.189822115934189739e+00
3.471686818926561102e+01 6.483066470918022794e+00 8.159630699477549598e+00
3.495775574363275240e+01 6.459977035114425448e+00 8.129415725687762162e+00
3.520031472796679139e+01 6.436866816010426540e+00 8.099177434979868195e+00
3.544455673970433907e+01 6.413735984976213444e+00 8.068916069410512648e+00
3.569049345675229290e+01 6.390621643510878691e+00 8.038631872681733626e+00
3.593813663804627367e+01 6.367624904190352986e+00 8.008328037615022765e+00
3.618749812411280686e+01 6.358435809047879417e+00 7.978004696299098697e+00
3.643858983763544757e+01 6.335821836091091619e+00 7.947738568954556548e+00
3.669142378402492000e+01 6.313188632985333726e+00 7.917516283613135641e+00
3.694601205199302285e+01 6.290536370858615278e+00 7.887279925498956068e+00
3.720236681413067714e+01 6.267865222052911633e+00 7.857030610578465080e+00
3.746050032748993175e+01 6.245175360127167785e+00 7.826760405565796219e+00
3.772042493416997644e+01 6.222479584742183434e+00 7.796469565555661951e+00
3.798215306190733997e+01 6.199767556279374148e+00 7.766321617452254245e+00
3.824569722466998911e+01 6.177037375620548332e+00 7.736160076753763271e+00
3.851107002325570505e+01 6.154289221194544801e+00 7.705978945901868826e+00
3.877828414589457395e+01 6.131523272660892587e+00 7.675778485230108750e+00
3.904735236885559857e+01 6.108739710912707288e+00 7.645558956725441391e+00
3.931828755705767975e+01 6.085938718079564325e+00 7.615320624031308050e+00
3.959110266468458406e+01 6.063120477530338448e+00 7.585063752450702523e+00
3.986581073580440915e+01 6.040286403750687150e+00 7.554788608949172257e+00
4.014242490499322003e+01 6.017438576663186822e+00 7.524495462157752002e+00
4.042095839796307644e+01 5.994608945524544374e+00 7.494184582375924997e+00
4.070142453219436618e+01 5.971837162311223857e+00 7.463856241574475803e+00
4.098383671757261482e+01 5.949052059718630936e+00 7.432145893964531957e+00
4.126820845702953733e+01 5.926259814704176954e+00 7.402393309116361841e+00
4.155455334718875093e+01 5.903451783076238968e+00 7.372624041049702370e+00
4.184288507901582221e+01 5.880628156787300220e+00 7.342857668039137309e+00
4.213321743847286882e+01 5.857883041291832349e+00 7.313114080295382458e+00
4.242556430717777260e+01 5.835156719551132021e+00 7.283354736776324501e+00
4.271993966306779100e+01 5.812415589923543457e+00 7.253579910066580538e+00
4.301635758106795038e+01 5.789659848310485302e+00 7.223789874386056020e+00
4.331483223376400815e+01 5.766889691858827938e+00 7.193984905592499146e+00
4.361537789208003346e+01 5.744105318963253382e+00 7.164165281184052603e+00
4.391800892596086214e+01 5.721306929268516583e+00 7.134331280301699607e+00
4.422273980505899260e+01 5.698494723671750251e+00 7.104483183731725049e+00
4.452958509942655496e+01 5.675668904324687070e+00 7.074621273908089591e+00
4.483855948021188453e+01 5.652829674635879265e+00 7.044745834914775351e+00
4.514967772036099802e+01 5.629977239272859535e+00 7.014857152488067626e+00
4.546295469532399380e+01 5.607111804164299329e+00 6.984955514018815315e+00
4.577840538376618440e+01 5.583559929979603709e+00 6.955041208554614940e+00
4.609604486828433778e+01 5.561128678909239120e+00 6.925114526801965376e+00
4.641588833612780007e+01 5.538689576048947849e+00 6.895175761128355063e+00
4.673795107992461340e+01 5.516277564315736015e+00 6.865225205564325250e+00
4.706224849841281355e+01 5.493853632156822542e+00 6.835263155805436419e+00
4.738879609717653807e+01 5.471417984708955906e+00 6.805289909214233823e+00
4.771760948938745628e+01 5.448970828340770289e+00 6.775305764822140198e+00
4.804870439655131520e+01 5.426512370654727135e+00 6.745311023331267641e+00
4.838209664925954456e+01 5.404042820489033616e+00 6.715305987116245490e+00
4.871780218794631168e+01 5.381562387919513135e+00 6.685603534361935552e+00
4.905583706365047902e+01 5.359071284261447410e+00 6.655919903216910072e+00
4.939621743878320359e+01 5.336569722071383914e+00 6.626227249431851263e+00
4.973895958790065208e+01 5.314057915148910460e+00 6.596523015955771285e+00
5.008407989848210207e+01 5.291536078538381815e+00 6.566739009743684186e+00
5.043159487171358535e+01 5.269004428530633888e+00 6.536947329517158067e+00
5.078152112327673251e+01 5.246463182664633074e+00 6.507148287728098168e+00
5.113387538414325917e+01 5.223912559729112282e+00 6.477342198461967904e+00
5.148867450137495183e+01 5.201352779764152778e+00 6.447529377438682374e+00
5.184593543892910361e+01 5.178784064062738501e+00 6.417710142013394403e+00
5.220567527846975509e+01 5.156206635172265074e+00 6.387884811177269029e+00
5.256791122018422158e+01 5.133620716896019509e+00 6.358053705558178947e+00
5.293266058360561033e+01 5.111026534294603074e+00 6.328217147421321798e+00
5.329994080844090831e+01 5.088424313687330169e+00 6.298375460669790371e+00
5.366976945540476152e+01 5.065814282653589018e+00 6.268528970845075321e+00
5.404216420705915169e+01 5.043373713534917258e+00 6.238678005127511028e+00
5.441714286865889960e+01 5.021005726874464337e+00 6.208822892336619326e+00
5.479472336900287388e+01 4.998630888316512255e+00 6.178963962931452336e+00
5.517492376129126086e+01 4.976250513523047481e+00 6.149472108524855152e+00
5.555776222398877451e+01 4.953816195096966801e+00 6.120236575608970497e+00
5.594325706169377810e+01 4.931366496868965221e+00 6.091002809319245870e+00
5.633142670601354496e+01 4.908911196898435136e+00 6.061766617973994187e+00
5.672228971644543805e+01 4.886450531596651103e+00 6.032528328802308160e+00
5.711586478126432098e+01 4.863984738606432323e+00 6.003288270604196342e+00
5.751217071841613659e+01 4.841514056802769694e+00 5.974046773750423256e+00
5.791122647641758192e+01 4.819038726293404018e+00 5.944804170182237613e+00
5.831305113526221362e+01 4.796558988419357128e+00 5.915560793411068552e+00
5.871766390733255747e+01 4.774075085755423054e+00 5.886316978518146392e+00
5.912508413831878329e+01 4.751587262110597010e+00 5.857073062154039000e+00
5.953533130814370367e+01 4.729095762528470637e+00 5.827829382538122438e+00
5.994842503189408944e+01 4.706600833287573948e+00 5.798586279457996540e+00
6.036438506075867139e+01 4.684102721901653332e+00 5.769344094268791245e+00
6.078323128297230227e+01 4.661601677119931786e+00 5.740103169892448065e+00
6.120498372476699700e+01 4.639310634130611177e+00 5.710863850816887854e+00
6.162966255132942450e+01 4.617236922428236134e+00 5.681626483095116420e+00
6.205728806776500761e+01 4.595206818061809528e+00 5.652391414344271503e+00
6.248788072006890815e+01 4.573174829807382658e+00 5.623158993744560519e+00
6.292146109610344240e+01 4.551141203991843298e+00 5.593929572038156550e+00
6.335804992658250967e+01 4.529106188125931354e+00 5.564703501527994867e+00
6.379766808606282069e+01 4.507070030904110070e+00 5.535481136076495723e+00
6.424033659394190465e+01 4.485032982204401719e+00 5.506262831104216104e+00
6.468607661546323584e+01 4.462995293088142468e+00 5.477048943588402885e+00
6.513490946272803228e+01 4.440957215799723912e+00 5.447839832061494469e+00
6.558685659571432325e+01 4.418919003766252906e+00 5.418635856609516743e+00
6.604193962330305112e+01 4.396880911597166985e+00 5.389437378870406192e+00
6.650018030431118632e+01 4.374843195083794711e+00 5.360250096628018213e+00
6.696160054853218924e+01 4.352806111198863626e+00 5.331247487122115380e+00
6.742622241778342129e+01 4.330769918095957571e+00 5.302384966407966971e+00
6.789406812696108773e+01 4.308734875108897633e+00 5.273529681516705203e+00
6.836516004510238531e+01 4.286701242751109753e+00 5.244681997078496138e+00
6.883952069645496863e+01 4.264669282714876886e+00 5.215842279217432598e+00
6.931717276155403340e+01 4.242639257870588487e+00 5.187010895549041933e+00
6.979813907830660469e+01 4.220611432265903851e+00 5.158188215177727187e+00
7.028244264308348477e+01 4.198586071124856822e+00 5.129374608694128312e+00
7.077010661181888906e+01 4.176563440846914332e+00 5.100570448172367044e+00
7.126115430111745752e+01 4.154543809005969202e+00 5.071776107167239367e+00
7.175560918936925248e+01 4.132527444349268997e+00 5.042991960711277422e+00
7.225349491787214617e+01 4.110514616796292486e+00 5.014218385311756343e+00
7.275483529196229426e+01 4.088505597437560368e+00 4.985455758947593630e+00
7.325965428215229736e+01 4.066500658533386492e+00 4.956704461066151701e+00
7.376797602527734909e+01 4.044502454103998446e+00 4.928553388037994587e+00
7.427982482564914335e+01 4.022592225373027297e+00 4.901110832890158697e+00
7.479522515621820844e+01 4.000840226819954104e+00 4.873678342534410568e+00
7.531420165974371628e+01 3.979093618298127577e+00 4.846256275158991933e+00
7.583677914997190328e+01 3.957352674332311082e+00 4.818844990376521586e+00
7.636298261282244937e+01 3.935617670573476001e+00 4.791444849221037749e+00
7.689283720758309926e+01 3.913888883796948548e+00 4.764056214144956058e+00
7.742636826811269657e+01 3.892166591900496186e+00 4.736679449015896104e+00
7.796360130405233235e+01 3.870451073902346995e+00 4.709314919113458231e+00
7.850456200204509116e+01 3.848742609939142856e+00 4.682040726394761876e+00
7.904927622696423839e+01 3.827041481263819378e+00 4.655119577515264950e+00
7.959777002314982042e+01 3.805347970243424971e+00 4.628211828338816503e+00
8.015006961565404708e+01 3.783662360356869758e+00 4.601317841510033979e+00
8.070620141149503013e+01 3.761984936192607876e+00 4.574437981008568244e+00
8.126619200091946027e+01 3.740315983446246051e+00 4.547572612145182269e+00
8.183006815867393868e+01 3.718878605416435779e+00 4.520722101557727690e+00
8.239785684528514764e+01 3.698196204545282750e+00 4.494132866786624270e+00
8.296958520834907347e+01 3.677521326708446558e+00 4.467570904966939871e+00
8.354528058382867073e+01 3.656854241587950138e+00 4.441024586769142246e+00
8.412497049736118981e+01 3.636195219939706291e+00 4.414663002287006144e+00
8.470868266557407367e+01 3.615544533591303011e+00 4.388254174181006384e+00
8.529644499741020525e+01 3.594902455439718203e+00 4.361794437293192495e+00
8.588828559546249153e+01 3.574269259448958902e+00 4.335352201770000136e+00
8.648423275731721560e+01 3.553645220647641878e+00 4.308927836887577634e+00
8.708431497690723688e+01 3.533030615126490748e+00 4.282521713163323973e+00
8.768856094587431471e+01 3.512727489327380770e+00 4.256134202350992268e+00
8.829699955494086794e+01 3.492447480251211989e+00 4.229765677435670668e+00
8.890965989529158264e+01 3.472177779652650287e+00 4.203432645107949561e+00
8.952657125996395848e+01 3.451918661593854409e+00 4.177136544477324520e+00
9.014776314524917211e+01 3.431670401140758386e+00 4.150860576578016214e+00
9.077326525210227715e+01 3.411433274360061496e+00 4.124605118680087834e+00
9.140310748756228065e+01 3.391348742031585761e+00 4.098370549252829065e+00
9.203731996618220990e+01 3.371328993358757575e+00 4.072157247959104609e+00
9.267593301146878559e+01 3.351320970530672128e+00 4.045965595649589019e+00
9.331897715733238385e+01 3.331420108468056362e+00 4.019798902639284854e+00
9.396648314954695991e+01 3.311541179868446871e+00 3.993673733804557369e+00
9.461848194721997629e+01 3.291598146848528472e+00 3.967571384765604225e+00
9.527500472427290390e+01 3.271668239072701212e+00 3.941492240730918084e+00
9.593608287093141485e+01 3.251751734609678035e+00 3.915436688062636783e+00
9.660174799522646083e+01 3.231848912464382551e+00 3.889405114270084951e+00
9.727203192450542701e+01 3.211960052574281299e+00 3.863397908003240566e+00
9.794696670695395824e+01 3.192085435805616100e+00 3.837415459046042532e+00
9.862658461312820180e+01 3.172231787755478649e+00 3.811458158309638300e+00
9.931091813749794994e+01 3.152411616462158506e+00 3.785526397825465406e+00
1.000000000000000000e+02 3.132606552004879141e+00 3.759620570738264167e+00
1.006938631476027126e+02 3.112816878483543270e+00 3.733741071298941172e+00
1.013925407558815266e+02 3.093042880902725056e+00 3.707888294857335509e+00
1.020960662306046487e+02 3.073284845167436163e+00 3.682075662118636128e+00
1.028044732093309790e+02 3.053543058078787897e+00 3.656483307877086641e+00
1.035177955630176285e+02 3.033817807329597827e+00 3.630918298564381086e+00
1.042360673976401131e+02 3.014124415686966429e+00 3.605381029291382600e+00
1.049593230558227646e+02 2.994449724648764466e+00 3.579871896231876072e+00
1.056875971184803973e+02 2.974792454110093853e+00 3.554527231788845221e+00
1.064209244064724658e+02 2.955152895031290861e+00 3.529446989605798723e+00
1.071593399822671131e+02 2.935531339238322435e+00 3.504396037609275094e+00
1.079028791516183645e+02 2.915928079417839047e+00 3.479374767727213769e+00
1.086515774652538369e+02 2.896343409112187572e+00 3.454383572849327066e+00
1.094054707205742432e+02 2.876777622714325133e+00 3.429422846818624748e+00
1.101645949633656869e+02 2.857231015462622370e+00 3.404492984422772928e+00
1.109289864895222735e+02 2.837703883435629404e+00 3.379594381385389479e+00
1.116986818467822644e+02 2.818196523546705468e+00 3.354727434357163141e+00
1.124737178364751884e+02 2.798709233538591690e+00 3.329892540906895793e+00
1.132541315152811450e+02 2.779242311977898616e+00 3.305090099512408397e+00
1.140399601970033103e+02 2.759925709204873900e+00 3.281227758273942641e+00
1.148312414543511153e+02 2.740655172908045056e+00 3.257684886630201504e+00
1.156280131207375348e+02 2.721405472968661421e+00 3.234121010240991190e+00
1.164303132920876749e+02 2.702176907756553170e+00 3.210753178656432283e+00
1.172381803286598512e+02 2.683008535103198255e+00 3.187415701864718454e+00
1.180516528568805512e+02 2.664103051077423956e+00 3.164108957088997087e+00
1.188707697711903251e+02 2.645219572306836131e+00 3.141085981876840183e+00
1.196955702359042846e+02 2.626358393977492156e+00 3.118302266299420644e+00
1.205260936870842556e+02 2.607519812001671600e+00 3.095549833673951312e+00
1.213623798344240470e+02 2.588704123011501768e+00 3.072829052520694493e+00
1.222044686631488730e+02 2.569911624352464230e+00 3.050140292126471753e+00
1.230524004359261596e+02 2.551142614076862714e+00 3.027483922535090688e+00
1.239062156947915696e+02 2.532397390937143555e+00 3.004860314537584731e+00
1.247659552630869797e+02 2.513676254379168640e+00 2.982269839662386346e+00
1.256316602474120145e+02 2.494979504535387527e+00 2.959716366273388743e+00
1.265033720395903742e+02 2.476784413287962394e+00 2.937201056804973121e+00
1.273811323186478432e+02 2.459044981410777542e+00 2.914720004573490009e+00
1.282649830528060022e+02 2.441280575716671564e+00 2.892273583813337545e+00
1.291549665014883885e+02 2.423641309745876438e+00 2.869862169443766042e+00
1.300511252173408536e+02 2.406048923217056767e+00 2.847486137058317546e+00
1.309535020482667562e+02 2.388479630879990268e+00 2.825145862914107742e+00
1.318621401394748602e+02 2.371045142324217814e+00 2.802841723921040806e+00
1.327770829355428930e+02 2.353869974180374136e+00 2.780574097630853281e+00
1.336983741824946605e+02 2.336718317044383042e+00 2.758343362226057582e+00
1.346260579298909761e+02 2.319590448495871371e+00 2.736149896508785595e+00
1.355601785329369022e+02 2.302486646693767458e+00 2.714064862221630570e+00
1.365007806546013853e+02 2.285407190369095343e+00 2.692145076469906861e+00
1.374479092677536585e+02 2.268352358817650849e+00 2.670248291319195832e+00
1.384016096573131449e+02 2.251322431892612830e+00 2.648389667113417278e+00
1.393619274224141975e+02 2.234318991580546587e+00 2.626718384604372236e+00
1.403289084785873229e+02 2.217345579041499093e+00 2.605178372675968745e+00
1.413025990599533657e+02 2.200397917904434397e+00 2.583677543360949791e+00
1.422830457214352009e+02 2.183476290068925962e+00 2.562216269055866302e+00
1.432702953409830968e+02 2.166580977952435205e+00 2.540794922634470598e+00
1.442643951218157383e+02 2.149712264482375179e+00 2.519425323305766184e+00
1.452653925946781328e+02 2.132870433088051243e+00 2.498110419817058947e+00
1.462733356201129880e+02 2.116055767692557321e+00 2.476845405518128374e+00
1.472882723907501656e+02 2.099268552704536717e+00 2.455873516715308291e+00
1.483102514336104321e+02 2.082509073009874090e+00 2.435179650900391124e+00
1.493393216124251808e+02 2.065777613963308834e+00 2.414524966179756760e+00
1.503755321299738341e+02 2.049093441488724743e+00 2.393910024519054769e+00
1.514189325304351996e+02 2.032569789179924147e+00 2.373413743850978808e+00
1.524695727017574427e+02 2.016063134469887608e+00 2.353047334702462301e+00
1.535275028780422701e+02 1.999583856557683781e+00 2.332830581491300848e+00
1.545927736419477014e+02 1.983204361811871763e+00 2.312751687632656150e+00
1.556654359271062162e+02 1.966965078086563956e+00 2.292713627715491587e+00
1.567455410205595001e+02 1.950755257755134586e+00 2.272716765626148216e+00
1.578331405652118065e+02 1.934575181367386598e+00 2.252761465542847397e+00
1.589282865622977852e+02 1.918425129834827381e+00 2.232848091922065237e+00
1.600310313738700074e+02 1.902309647439357265e+00 2.213266361885717792e+00
1.611414277253019804e+02 1.886239680541350605e+00 2.194244684668734013e+00
1.622595287078087267e+02 1.870205653511541000e+00 2.175264244927411994e+00
1.633853877809862070e+02 1.854310098077050828e+00 2.156325383242574389e+00
1.645190587753662328e+02 1.838708622381127089e+00 2.137428440333454027e+00
1.656605958949913600e+02 1.823136427126988757e+00 2.118580942750454721e+00
1.668100537200059250e+02 1.807594117576276416e+00 2.099784297202001770e+00
1.679674872092653288e+02 1.792112343698926136e+00 2.081030587642259011e+00
1.691329517029648741e+02 1.776757289362507430e+00 2.062320154788395588e+00
1.703065029252844340e+02 1.761479557043614808e+00 2.043653339423944448e+00
1.714881969870539251e+02 1.746341087477256915e+00 2.025107727756640497e+00
1.726780903884356064e+02 1.731233327214112716e+00 2.006616822118924226e+00
1.738762400216250512e+02 1.716156550422683003e+00 1.988358525812037536e+00
1.750827031735725257e+02 1.701111031493746317e+00 1.970235471316147846e+00
1.762975375287205679e+02 1.686097045030112263e+00 1.952155811296836019e+00
1.775208011717634236e+02 1.671245294308314477e+00 1.934119881392265983e+00
1.787525525904235337e+02 1.656852726402402665e+00 1.916128017230547043e+00
1.799928506782476347e+02 1.642541919655636340e+00 1.898180554415304755e+00
1.812417547374237756e+02 1.628262386926950356e+00 1.880277828511137672e+00
1.824993244816152469e+02 1.614014384954796766e+00 1.862420539361616223e+00
1.837656200388170475e+02 1.599800941193525228e+00 1.844646430735011000e+00
1.850407019542302010e+02 1.585628405740973967e+00 1.827066288424657570e+00
1.863246311931559944e+02 1.571488167619796927e+00 1.809630104008630447e+00
1.876174691439121318e+02 1.557380483576842334e+00 1.792239129031002243e+00
1.889192776207666213e+02 1.543305610411358275e+00 1.774893693826225416e+00
1.902301188668943723e+02 1.529306942343689801e+00 1.757594132777924534e+00
1.915500555573527777e+02 1.515364632791221355e+00 1.740341214891602872e+00
1.928791508020777599e+02 1.501549556940398045e+00 1.723134826729657121e+00
1.942174681489026398e+02 1.487884563664521265e+00 1.706196413697407710e+00
1.955650715865949110e+02 1.474252214142065531e+00 1.689417209274512999e+00
1.969220255479171442e+02 1.460652761305733627e+00 1.672684150395330249e+00
1.982883949127071332e+02 1.447086458083103766e+00 1.655997556497443401e+00
1.996642450109793288e+02 1.433553557385776944e+00 1.639357746775204294e+00
2.010496416260499188e+02 1.420054312098438354e+00 1.622761950222243010e+00
2.024446509976803839e+02 1.406588975067864178e+00 1.606212032235359244e+00
2.038493398252462043e+02 1.393176617525010430e+00 1.589709862121144957e+00
2.052637752709252084e+02 1.379886237024280593e+00 1.573255758106282487e+00
2.066880249629082016e+02 1.366734024725896113e+00 1.556896503582441582e+00
2.081221569986339262e+02 1.353620356574777084e+00 1.540705510104072751e+00
2.095662399480432896e+02 1.340540949799337689e+00 1.524580655620820124e+00
2.110203428568594290e+02 1.327496053250021735e+00 1.508540866200764219e+00
2.124845352498882960e+02 1.314486179374978247e+00 1.492803870551637102e+00
2.139588871343421488e+02 1.301511386422605332e+00 1.477263465434271339e+00
2.154434690031884543e+02 1.288681305718406778e+00 1.461771342456809064e+00
2.169383518385184288e+02 1.276028560501313525e+00 1.446436242462897148e+00
2.184436071149426084e+02 1.263410534997280843e+00 1.431159601463398934e+00
2.199593068030074789e+02 1.250827469970392736e+00 1.415931468972191354e+00
2.214855233726359245e+02 1.238279606004054401e+00 1.400752352132963230e+00
2.230223297965938514e+02 1.225765648841024014e+00 1.385622908604113634e+00
2.245697995539773899e+02 1.213285415099011333e+00 1.370590112855786913e+00
2.261280066337277219e+02 1.200841108763726961e+00 1.355670710073090257e+00
2.276970255381679920e+02 1.188432969699818598e+00 1.340899385177410696e+00
2.292769312865648885e+02 1.176067773304918962e+00 1.326176849969815219e+00
2.308677994187169702e+02 1.163857905277662086e+00 1.311503389848072354e+00
2.324697059985647911e+02 1.151690701061278910e+00 1.296879289625168852e+00
2.340827276178291925e+02 1.139592562563207068e+00 1.282304833513574716e+00
2.357069413996727860e+02 1.127655878292875169e+00 1.267780305109478256e+00
2.373424250023866193e+02 1.115936317084223806e+00 1.253305987376961195e+00
2.389892566231050353e+02 1.104253090017214944e+00 1.238882162632092498e+00
2.406475150015424163e+02 1.092667874554142493e+00 1.224509112527008892e+00
2.423172794237598282e+02 1.081147045636642989e+00 1.210468039439246857e+00
2.439986297259550270e+02 1.069662722131034194e+00 1.196544891965315882e+00
2.456916462982790108e+02 1.058215148349622714e+00 1.182671573210777094e+00
2.473964100886814208e+02 1.046805097538885843e+00 1.168848352036600202e+00
2.491130026067788492e+02 1.035459352866304084e+00 1.155075496591673412e+00
2.508415059277538717e+02 1.024180026745699301e+00 1.141359165435550604e+00
2.525820026962784652e+02 1.013039955717213392e+00 1.127711830338449017e+00
2.543345761304648249e+02 1.001936602825517220e+00 1.114117527210113812e+00
2.560993100258459663e+02 9.908701832411824784e-01 1.100574530813084762e+00
2.578762887593800883e+02 9.798409116967812249e-01 1.087087296391411328e+00
2.596655972934869965e+02 9.688490024750400220e-01 1.073734744154002163e+00
2.614673211801091952e+02 9.578946693969687676e-01 1.060700873318562776e+00
2.632815465648019995e+02 9.469781258099424504e-01 1.047786386191091879e+00
2.651083601908538867e+02 9.360995845757302813e-01 1.035082373268378930e+00
2.669478494034320875e+02 9.252592580585007331e-01 1.022442247851922614e+00
2.688001021537604629e+02 9.146094173806414984e-01 1.009928783793216489e+00
2.706652070033241557e+02 9.041083479322647998e-01 9.975092311187996330e-01
2.725432531281027764e+02 8.936447824422786290e-01 9.853487711568869045e-01
2.744343303228365585e+02 8.832189236411207567e-01 9.733409381674497096e-01
2.763385290053169570e+02 8.728309737252852862e-01 9.616429267577726314e-01
2.782559402207126027e+02 8.624835631054565965e-01 9.500066222565902718e-01
2.801866556459195294e+02 8.521876888212811529e-01 9.384185475073819616e-01
2.821307675939470982e+02 8.419341791153944765e-01 9.268789145512041916e-01
2.840883690183304111e+02 8.317192880088997153e-01 9.153879344428613729e-01
2.860595535175742157e+02 8.215435024638444439e-01 9.039458172370700151e-01
2.880444153396297793e+02 8.114190822660384272e-01 8.925527719745990352e-01
2.900430493863991614e+02 8.015831742764126799e-01 8.812090066684272749e-01
2.920555512182745019e+02 7.918029662497997334e-01 8.699147282898717082e-01
2.940820170587063558e+02 7.822205143592988463e-01 8.586844920154483862e-01
2.961225437988034628e+02 7.726808195654506495e-01 8.476236267595460561e-01
2.981772290019673619e+02 7.632306979182191808e-01 8.366222587503338026e-01
3.002461709085549160e+02 7.538351409512104029e-01 8.256702534844481134e-01
3.023294684405776138e+02 7.446432971106192733e-01 8.147678092530398208e-01
3.044272212064302607e+02 7.355716625100893191e-01 8.039151232429376792e-01
3.065395295056526948e+02 7.267017166658003013e-01 7.931123915230610111e-01
3.086664943337274281e+02 7.179242797743285998e-01 7.823598090308062636e-01
3.108082173869063922e+02 7.091831516156161808e-01 7.716581451832971172e-01
3.129648010670750296e+02 7.004784921483638849e-01 7.610073954832525800e-01
3.151363484866479325e+02 6.918104605904173976e-01 7.504688474302598777e-01
3.173229634734976230e+02 6.831792154083454749e-01 7.401771789464834939e-01
3.195247505759213595e+02 6.745849143069941878e-01 7.301199845414865219e-01
3.217418150676371624e+02 6.660277142190607069e-01 7.202801725506083885e-01
3.239742629528195721e+02 6.575077712946373332e-01 7.106046592878569879e-01
3.262222009711670125e+02 6.490252408907678516e-01 7.009757447784162876e-01
3.284857366030043409e+02 6.406673540363380104e-01 6.913935971969682459e-01
3.307649780744242776e+02 6.323682053497833300e-01 6.818583835712327401e-01
3.330600343624588504e+02 6.241062215589096018e-01 6.723702697699361908e-01
3.353710152002929021e+02 6.158815522810021648e-01 6.629294204907624222e-01
3.376980310825091465e+02 6.076943463034802928e-01 6.535592630269894121e-01
3.400411932703706270e+02 5.995447515736557209e-01 6.442521999524349896e-01
3.424006137971425687e+02 5.914329151884775149e-01 6.349926790383687569e-01
3.447764054734464025e+02 5.833592533798244162e-01 6.257811332783891345e-01
3.471686818926559681e+02 5.753240930094499772e-01 6.166234459753375807e-01
3.495775574363275382e+02 5.673337629729267029e-01 6.075117171519470727e-01
3.520031472796678713e+02 5.595648356115698885e-01 5.984489359659566077e-01
3.544455673970435328e+02 5.519180935012033551e-01 5.896847230447923582e-01
3.569049345675229574e+02 5.444885422594791802e-01 5.809900494043218622e-01
3.593813663804625662e+02 5.371736452628731451e-01 5.724406942639206353e-01
3.618749812411280118e+02 5.299092215172771514e-01 5.639380532778631716e-01
3.643858983763544188e+02 5.226800118723597954e-01 5.554983265461821418e-01
3.669142378402493705e+02 5.154861423953928101e-01 5.471079322102457843e-01
3.694601205199302285e+02 5.083277382823174761e-01 5.388089934313264884e-01
3.720236681413065867e+02 5.012049238486652181e-01 5.309630476544605626e-01
3.746050032748992749e+02 4.941287065163996739e-01 5.228522035257834322e-01
3.772042493416997218e+02 4.871066922125855125e-01 5.147893242269354630e-01
3.798215306190735987e+02 4.801204777012465508e-01 5.067749393745051290e-01
3.824569722466999337e+02 4.731701824874049445e-01 4.988547198930025073e-01
3.851107002325568942e+02 4.662597940925756745e-01 4.910810974529326578e-01
3.877828414589457111e+02 4.593856639549685483e-01 4.833552143369069798e-01
3.904735236885559857e+02 4.525456378988384487e-01 4.757914570852576630e-01
3.931828755705770391e+02 4.458913050816309398e-01 4.683391598941368805e-01
3.959110266468458690e+02 4.393136319172695203e-01 4.610554213068767115e-01
3.986581073580438783e+02 4.328592919324666943e-01 4.538687573118396767e-01
4.014242490499322003e+02 4.264436110968738980e-01 4.467370958118502822e-01
4.042095839796305654e+02 4.200720933440112992e-01 4.397629492636970783e-01
4.070142453219438607e+02 4.137410265925481334e-01 4.328603679904692303e-01
4.098383671757261482e+02 4.074702954717887016e-01 4.260031401133161366e-01
4.126820845702951601e+02 4.015346528364923673e-01 4.191944225849533745e-01
4.155455334718875520e+02 3.954138918483754983e-01 4.124279458374017215e-01
4.184288507901580374e+02 3.893289699834004414e-01 4.057406375168567947e-01
4.213321743847288872e+02 3.832813368340742266e-01 3.991212874522847565e-01
4.242556430717776834e+02 3.772799406436125880e-01 3.925579020583697676e-01
4.271993966306776542e+02 3.714127529567098907e-01 3.860646626698037154e-01
4.301635758106795038e+02 3.655827054581804458e-01 3.796199686453818334e-01
4.331483223376398541e+02 3.598447369294985321e-01 3.727138564398593257e-01
4.361537789208005620e+02 3.542188444995794105e-01 3.667131545751350918e-01
4.391800892596086214e+02 3.486940206379303131e-01 3.607736163231717308e-01
4.422273980505897271e+02 3.432672532690193012e-01 3.548726877104776412e-01
4.452958509942655496e+02 3.378854378499419608e-01 3.490104375889183097e-01
4.483855948021186464e+02 3.325977532630463585e-01 3.431869335622462214e-01
4.514967772036101792e+02 3.273885126744522367e-01 3.374033096722751091e-01
4.546295469532399238e+02 3.222125246392422149e-01 3.316912454880677208e-01
4.577840538376616450e+02 3.170737567288999803e-01 3.260600770518504721e-01
4.609604486828433778e+02 3.119671996882349974e-01 3.204673082040405130e-01
4.641588833612777307e+02 3.069139126407325890e-01 3.149129978539325636e-01
4.673795107992463613e+02 3.019118228483435029e-01 3.093972036387891977e-01
4.706224849841281639e+02 2.969578196804856240e-01 3.039201086153184295e-01
4.738879609717650965e+02 2.920516355176088763e-01 2.984969732076760418e-01
4.771760948938745628e+02 2.871877021410988995e-01 2.931315390299529811e-01
4.804870439655128962e+02 2.819179090538724841e-01 2.878046437150353354e-01
4.838209664925957441e+02 2.773814525852336677e-01 2.825201585937172633e-01
4.871780218794630741e+02 2.728987364738346133e-01 2.774052686969935011e-01
4.905583706365045487e+02 2.684451041187643772e-01 2.723315936848625385e-01
4.939621743878320785e+02 2.640206076195659723e-01 2.672920095682077557e-01
4.973895958790062650e+02 2.596252981363070256e-01 2.622898324352007648e-01
5.008407989848212196e+02 2.552592258849050721e-01 2.575347790385457136e-01
5.043159487171358819e+02 2.509426938887243663e-01 2.529541465617672347e-01
5.078152112327675809e+02 2.466853973488208618e-01 2.482822354844780033e-01
5.113387538414326059e+02 2.424640308340924311e-01 2.436642597665184262e-01
5.148867450137491915e+02 2.382716361105667036e-01 2.391259435754032048e-01
5.184593543892913203e+02 2.341082568318599011e-01 2.346992949684932050e-01
5.220567527846975509e+02 2.299739356896689513e-01 2.303410596551482281e-01
5.256791122018424858e+02 2.258745552683992797e-01 2.260200603173707357e-01
5.293266058360561601e+02 2.218244921018035776e-01 2.217336192410111484e-01
5.329994080844087421e+02 2.178034627266806633e-01 2.174962419994374563e-01
5.366976945540476436e+02 2.138115044910463003e-01 2.133021644202489908e-01
5.404216420705914743e+02 2.099293753389040174e-01 2.091517721869016744e-01
5.441714286865892518e+02 2.061000611727998588e-01 2.050811854548101332e-01
5.479472336900287246e+02 2.022957898582720127e-01 2.011669154978078522e-01
5.517492376129123386e+02 1.985196636885810939e-01 1.973192019976596767e-01
5.555776222398877735e+02 1.948885583744292271e-01 1.935076890072302824e-01
5.594325706169377099e+02 1.913511125488054354e-01 1.895540354209556966e-01
5.633142670601357622e+02 1.879065332204919447e-01 1.857981970801934335e-01
5.672228971644543662e+02 1.844115265611042109e-01 1.821260466601423156e-01
5.711586478126429256e+02 1.809839117239665784e-01 1.785658505032590715e-01
5.751217071841613233e+02 1.776229922077535994e-01 1.750592978684801515e-01
5.791122647641758476e+02 1.743327928704545005e-01 1.716113175264024904e-01
5.831305113526224204e+02 1.710698922799599453e-01 1.682372016081310206e-01
5.871766390733255321e+02 1.678337944331961262e-01 1.648927615399754243e-01
5.912508413831875487e+02 1.646311010273373288e-01 1.615770874740785623e-01
5.953533130814370224e+02 1.614623080155801194e-01 1.582901799168945911e-01
5.994842503189408944e+02 1.583286352560827892e-01 1.550386772655187595e-01
6.036438506075869554e+02 1.552363475555253725e-01 1.518463978326335673e-01
6.078323128297230369e+02 1.522678662971090335e-01 1.486825698781717719e-01
6.120498372476696431e+02 1.493590340883648171e-01 1.455471876004472975e-01
6.162966255132942024e+02 1.464813579783331154e-01 1.424501035485767619e-01
6.205728806776500051e+02 1.434975402619798335e-01 1.394001467306795472e-01
6.248788072006893799e+02 1.406616873011411473e-01 1.363874599621530681e-01
6.292146109610343956e+02 1.378749317507584615e-01 1.335074314543164831e-01
6.335804992658247556e+02 1.351738668141699296e-01 1.306456527193868844e-01
6.379766808606282211e+02 1.325262131090483020e-01 1.278135614631379646e-01
6.424033659394191318e+02 1.299112409319680417e-01 1.250164824427255905e-01
6.468607661546327563e+02 1.273622285773433060e-01 1.222846061717602351e-01
6.513490946272802375e+02 1.248368738119101373e-01 1.195994076227223923e-01
6.558685659571428914e+02 1.223331965890320783e-01 1.169434423199443851e-01
6.604193962330305112e+02 1.198511974676156611e-01 1.143334670338538167e-01
6.650018030431118632e+02 1.173911257649495332e-01 1.117610707381588298e-01
6.696160054853222618e+02 1.149788887655288916e-01 1.092682514060302063e-01
6.742622241778342413e+02 1.125896969365332706e-01 1.068657020841352057e-01
6.789406812696105362e+02 1.102219425192323965e-01 1.044868830260876347e-01
6.836516004510237963e+02 1.078781386665170761e-01 1.021300307595563450e-01
6.883952069645496294e+02 1.055748389904751783e-01 9.981310544280026786e-02
6.931717276155407035e+02 1.032945566614148353e-01 9.752932677170260412e-02
6.979813907830659900e+02 1.011064930725382172e-01 9.526890189938279352e-02
7.028244264308345919e+02 9.894523455610622353e-02 9.303180335031391301e-02
7.077010661181889191e+02 9.680477421712686825e-02 9.085176497189016709e-02
7.126115430111744899e+02 9.469090579155406417e-02 8.871204036963850625e-02
7.175560918936928374e+02 9.261902917546011027e-02 8.660052259986618373e-02
7.225349491787213765e+02 9.058985624955213922e-02 8.449463582453789479e-02
7.275483529196225163e+02 8.858385754656436517e-02 8.247792932581009262e-02
7.325965428215230304e+02 8.660887238104218733e-02 8.049858104065027442e-02
7.376797602527731215e+02 8.465771714192883712e-02 7.854405095291101813e-02
7.427982482564918882e+02 8.276842354967138549e-02 7.664376133862085827e-02
7.479522515621821412e+02 8.094593848105421929e-02 7.485911336230553770e-02
7.531420165974368501e+02 7.914915098367811264e-02 7.301124558639524031e-02
7.583677914997190328e+02 7.736735705100641902e-02 7.118399269054075107e-02
7.636298261282241810e+02 7.561466756250373455e-02 6.937787348128983400e-02
7.689283720758313621e+02 7.388956348096011040e-02 6.759433005720676124e-02
7.742636826811269657e+02 7.218206323540141134e-02 6.583208227541259561e-02
7.796360130405229256e+02 7.049214626571401188e-02 6.411303665251398554e-02
7.850456200204508832e+02 6.883670230281342672e-02 6.241404613152842090e-02
7.904927622696420713e+02 6.721944093157959654e-02 6.073506985887463377e-02
7.959777002314986021e+02 6.562399527720556847e-02 5.911740538718793236e-02
8.015006961565404708e+02 6.403166545071338478e-02 5.755512571000544197e-02
8.070620141149498750e+02 6.249848997800763750e-02 5.607939445848077881e-02
8.126619200091945459e+02 6.100253956386673948e-02 5.464310521176111990e-02
8.183006815867389605e+02 5.952564259197397345e-02 5.324626255224224752e-02
8.239785684528519596e+02 5.808189353473274669e-02 5.186635524256948127e-02
8.296958520834906494e+02 5.667319615316871589e-02 5.050333793675691046e-02
8.354528058382862810e+02 5.533789562382396277e-02 4.915716474057976737e-02
8.412497049736118697e+02 5.395730839833215442e-02 4.782778921067393219e-02
8.470868266557401967e+02 5.259223497465771724e-02 4.652761429135498367e-02
8.529644499741025356e+02 5.124458065599273721e-02 4.525157225611286388e-02
8.588828559546249153e+02 4.991237688714326298e-02 4.400208010840138406e-02
8.648423275731718149e+02 4.860999913586367543e-02 4.276884539726701073e-02
8.708431497690723972e+02 4.732616657901105028e-02 4.155166575959455544e-02
8.768856094587426924e+02 4.605742366081683886e-02 4.035132542389043703e-02
8.829699955494091910e+02 4.482536413026699806e-02 3.916884404444007789e-02
8.890965989529157696e+02 4.363312998213719068e-02 3.801440436705046805e-02
8.952657125996400964e+02 4.251229461232786111e-02 3.687781334441139064e-02
9.014776314524917780e+02 4.142134902415874065e-02 3.578260262367926464e-02
9.077326525210223735e+02 4.036574572889984475e-02 3.473943595527185374e-02
9.140310748756231760e+02 3.932291447166069015e-02 3.373987393499744414e-02
9.203731996618221274e+02 3.829281921426616608e-02 3.275405810967844250e-02
9.267593301146882823e+02 3.727542546665855994e-02 3.178191000937447691e-02
9.331897715733239238e+02 3.627069832516498227e-02 3.082319247178646679e-02
9.396648314954691159e+02 3.528542495871826723e-02 2.987807443654773298e-02
9.461848194722001608e+02 3.431844584222482758e-02 2.895313952600548843e-02
9.527500472427290106e+02 3.337391126788048085e-02 2.804946387236554456e-02
9.593608287093146600e+02 3.244175763182739758e-02 2.715899440404546603e-02
9.660174799522645799e+02 3.152171132844147627e-02 2.628425898140892766e-02
9.727203192450537017e+02 3.061386495881424780e-02 2.542984600608774390e-02
9.794696670695395824e+02 2.972002274486583093e-02 2.459448502726624408e-02
9.862658461312820464e+02 2.884514753465639014e-02 2.379250634901949879e-02
9.931091813749800394e+02 2.798466477114674653e-02 2.301191862596014409e-02
1.000000000000000000e+03 2.715186056457176422e-02 2.226110183246077581e-02
