# # E_nu (keV), ILL Flux @ 0 days (nu/(keV*day*cm^2), ILL Flux @ 50 days (nu/(keV*day*cm^2)
0.000000000000000000e+00 2.551321700267132422e+13 2.545142070341386719e+13
1.001001001001001001e+01 2.551321700267132422e+13 2.545142070341386719e+13
2.002002002002002001e+01 2.551321700267132422e+13 2.545142070341386719e+13
3.003003003003003002e+01 2.551321700267132422e+13 2.545142070341386719e+13
4.004004004004004003e+01 2.551321700267132422e+13 2.545142070341386719e+13
5.005005005005005358e+01 2.551321700267132422e+13 2.545142070341386719e+13
6.006006006006006004e+01 2.551321700267132422e+13 2.545142070341386719e+13
7.007007007007007360e+01 2.551321700267132422e+13 2.545142070341386719e+13
8.008008008008008005e+01 2.551321700267132422e+13 2.545142070341386719e+13
9.009009009009008651e+01 2.551321700267132422e+13 2.545142070341386719e+13
1.001001001001001072e+02 2.551321700267132422e+13 2.545142070341386719e+13
1.101101101101101136e+02 2.551321700267132422e+13 2.545142070341386719e+13
1.201201201201201201e+02 2.551321700267132422e+13 2.545142070341386719e+13
1.301301301301301407e+02 2.551321700267132422e+13 2.545142070341386719e+13
1.401401401401401472e+02 2.551321700267132422e+13 2.545142070341386719e+13
1.501501501501501536e+02 2.551321700267132422e+13 2.545142070341386719e+13
1.601601601601601601e+02 2.551321700267132422e+13 2.545142070341386719e+13
1.701701701701701666e+02 2.551321700267132422e+13 2.545142070341386719e+13
1.801801801801801730e+02 2.551321700267132422e+13 2.545142070341386719e+13
1.901901901901901795e+02 2.551321700267132422e+13 2.545142070341386719e+13
2.002002002002002143e+02 2.551321700267132422e+13 2.545142070341386719e+13
2.102102102102102208e+02 2.551321700267132422e+13 2.545142070341386719e+13
2.202202202202202272e+02 2.551321700267132422e+13 2.545142070341386719e+13
2.302302302302302337e+02 2.551321700267132422e+13 2.545142070341386719e+13
2.402402402402402402e+02 2.551321700267132422e+13 2.545142070341386719e+13
2.502502502502502466e+02 2.551321700267132422e+13 2.545142070341386719e+13
2.602602602602602815e+02 2.551321700267132422e+13 2.545142070341386719e+13
2.702702702702703164e+02 2.551321700267132422e+13 2.545142070341386719e+13
2.802802802802802944e+02 2.551321700267132422e+13 2.545142070341386719e+13
2.902902902902902724e+02 2.551321700267132422e+13 2.545142070341386719e+13
3.003003003003003073e+02 2.551321700267132422e+13 2.545142070341386719e+13
3.103103103103103422e+02 2.551321700267132422e+13 2.545142070341386719e+13
3.203203203203203202e+02 2.551321700267132422e+13 2.545142070341386719e+13
3.303303303303302982e+02 2.551321700267132422e+13 2.545142070341386719e+13
3.403403403403403331e+02 2.551321700267132422e+13 2.545142070341386719e+13
3.503503503503503680e+02 2.551321700267132422e+13 2.545142070341386719e+13
3.603603603603603460e+02 2.551321700267132422e+13 2.545142070341386719e+13
3.703703703703703241e+02 2.551321700267132422e+13 2.545142070341386719e+13
3.803803803803803589e+02 2.551321700267132422e+13 2.545142070341386719e+13
3.903903903903903938e+02 2.551321700267132422e+13 2.545142070341386719e+13
4.004004004004004287e+02 2.551321700267132422e+13 2.545142070341386719e+13
4.104104104104104067e+02 2.551321700267132422e+13 2.545142070341386719e+13
4.204204204204204416e+02 2.551321700267132422e+13 2.545142070341386719e+13
4.304304304304304765e+02 2.551321700267132422e+13 2.545142070341386719e+13
4.404404404404404545e+02 2.551321700267132422e+13 2.545142070341386719e+13
4.504504504504504325e+02 2.551321700267132422e+13 2.545142070341386719e+13
4.604604604604604674e+02 2.551321700267132422e+13 2.545142070341386719e+13
4.704704704704705023e+02 2.551321700267132422e+13 2.545142070341386719e+13
4.804804804804804803e+02 2.551321700267132422e+13 2.545142070341386719e+13
4.904904904904904583e+02 2.551321700267132422e+13 2.545142070341386719e+13
5.005005005005004932e+02 2.551321700267132422e+13 2.545142070341386719e+13
5.105105105105105281e+02 2.551321700267132422e+13 2.545142070341386719e+13
5.205205205205205630e+02 2.551321700267132422e+13 2.545142070341386719e+13
5.305305305305305410e+02 2.551321700267132422e+13 2.545142070341386719e+13
5.405405405405406327e+02 2.551321700267132422e+13 2.545142070341386719e+13
5.505505505505506108e+02 2.551321700267132422e+13 2.545142070341386719e+13
5.605605605605605888e+02 2.551321700267132422e+13 2.545142070341386719e+13
5.705705705705705668e+02 2.551321700267132422e+13 2.545142070341386719e+13
5.805805805805805448e+02 2.551321700267132422e+13 2.545142070341386719e+13
5.905905905905906366e+02 2.551321700267132422e+13 2.545142070341386719e+13
6.006006006006006146e+02 2.551321700267132422e+13 2.545142070341386719e+13
6.106106106106105926e+02 2.551321700267132422e+13 2.545142070341386719e+13
6.206206206206206843e+02 2.551321700267132422e+13 2.545142070341386719e+13
6.306306306306306624e+02 2.551321700267132422e+13 2.545142070341386719e+13
6.406406406406406404e+02 2.551321700267132422e+13 2.545142070341386719e+13
6.506506506506506184e+02 2.551321700267132422e+13 2.545142070341386719e+13
6.606606606606605965e+02 2.551321700267132422e+13 2.545142070341386719e+13
6.706706706706706882e+02 2.551321700267132422e+13 2.545142070341386719e+13
6.806806806806806662e+02 2.551321700267132422e+13 2.545142070341386719e+13
6.906906906906906443e+02 2.551321700267132422e+13 2.545142070341386719e+13
7.007007007007007360e+02 2.551321700267132422e+13 2.545142070341386719e+13
7.107107107107107140e+02 2.551321700267132422e+13 2.545142070341386719e+13
7.207207207207206920e+02 2.551321700267132422e+13 2.545142070341386719e+13
7.307307307307306701e+02 2.551321700267132422e+13 2.545142070341386719e+13
7.407407407407406481e+02 2.551321700267132422e+13 2.545142070341386719e+13
7.507507507507507398e+02 2.551321700267132422e+13 2.545142070341386719e+13
7.607607607607607179e+02 2.551321700267132422e+13 2.545142070341386719e+13
7.707707707707706959e+02 2.551321700267132422e+13 2.545142070341386719e+13
7.807807807807807876e+02 2.551321700267132422e+13 2.545142070341386719e+13
7.907907907907908793e+02 2.551321700267132422e+13 2.545142070341386719e+13
8.008008008008008574e+02 2.551321700267132422e+13 2.545142070341386719e+13
8.108108108108108354e+02 2.551321700267132422e+13 2.545142070341386719e+13
8.208208208208208134e+02 2.551321700267132422e+13 2.545142070341386719e+13
8.308308308308309051e+02 2.551321700267132422e+13 2.545142070341386719e+13
8.408408408408408832e+02 2.551321700267132422e+13 2.545142070341386719e+13
8.508508508508508612e+02 2.551321700267132422e+13 2.545142070341386719e+13
8.608608608608609529e+02 2.551321700267132422e+13 2.545142070341386719e+13
8.708708708708709310e+02 2.551321700267132422e+13 2.545142070341386719e+13
8.808808808808809090e+02 2.551321700267132422e+13 2.545142070341386719e+13
8.908908908908908870e+02 2.551321700267132422e+13 2.545142070341386719e+13
9.009009009009008651e+02 2.551321700267132422e+13 2.545142070341386719e+13
9.109109109109109568e+02 2.551321700267132422e+13 2.545142070341386719e+13
9.209209209209209348e+02 2.551321700267132422e+13 2.545142070341386719e+13
9.309309309309309128e+02 2.551321700267132422e+13 2.545142070341386719e+13
9.409409409409410046e+02 2.551321700267132422e+13 2.545142070341386719e+13
9.509509509509509826e+02 2.551321700267132422e+13 2.545142070341386719e+13
9.609609609609609606e+02 2.551321700267132422e+13 2.545142070341386719e+13
9.709709709709709387e+02 2.551321700267132422e+13 2.545142070341386719e+13
9.809809809809809167e+02 2.551321700267132422e+13 2.545142070341386719e+13
9.909909909909910084e+02 2.551321700267132422e+13 2.545142070341386719e+13
1.001001001001000986e+03 2.551321700267132422e+13 2.545142070341386719e+13
1.011011011011010964e+03 2.551321700267132422e+13 2.545142070341386719e+13
1.021021021021021056e+03 2.551321700267132422e+13 2.545142070341386719e+13
1.031031031031031034e+03 2.551321700267132422e+13 2.545142070341386719e+13
1.041041041041041126e+03 2.551321700267132422e+13 2.545142070341386719e+13
1.051051051051051218e+03 2.551321700267132422e+13 2.545142070341386719e+13
1.061061061061061082e+03 2.551321700267132422e+13 2.545142070341386719e+13
1.071071071071071174e+03 2.551321700267132422e+13 2.545142070341386719e+13
1.081081081081081265e+03 2.551321700267132422e+13 2.545142070341386719e+13
1.091091091091091130e+03 2.551321700267132422e+13 2.545142070341386719e+13
1.101101101101101222e+03 2.551321700267132422e+13 2.545142070341386719e+13
1.111111111111111086e+03 2.551321700267132422e+13 2.545142070341386719e+13
1.121121121121121178e+03 2.551321700267132422e+13 2.545142070341386719e+13
1.131131131131131269e+03 2.551321700267132422e+13 2.545142070341386719e+13
1.141141141141141134e+03 2.551321700267132422e+13 2.545142070341386719e+13
1.151151151151151225e+03 2.551321700267132422e+13 2.545142070341386719e+13
1.161161161161161090e+03 2.551321700267132422e+13 2.545142070341386719e+13
1.171171171171171181e+03 2.551321700267132422e+13 2.545142070341386719e+13
1.181181181181181273e+03 2.551321700267132422e+13 2.545142070341386719e+13
1.191191191191191137e+03 2.551321700267132422e+13 2.545142070341386719e+13
1.201201201201201229e+03 2.551321700267132422e+13 2.545142070341386719e+13
1.211211211211211321e+03 2.551321700267132422e+13 2.545142070341386719e+13
1.221221221221221185e+03 2.551321700267132422e+13 2.545142070341386719e+13
1.231231231231231277e+03 2.551321700267132422e+13 2.545142070341386719e+13
1.241241241241241369e+03 2.551321700267132422e+13 2.545142070341386719e+13
1.251251251251251233e+03 2.551321700267132422e+13 2.545142070341386719e+13
1.261261261261261325e+03 2.551321700267132422e+13 2.545142070341386719e+13
1.271271271271271189e+03 2.551321700267132422e+13 2.545142070341386719e+13
1.281281281281281281e+03 2.551321700267132422e+13 2.545142070341386719e+13
1.291291291291291373e+03 2.551321700267132422e+13 2.545142070341386719e+13
1.301301301301301237e+03 2.551321700267132422e+13 2.545142070341386719e+13
1.311311311311311329e+03 2.551321700267132422e+13 2.545142070341386719e+13
1.321321321321321193e+03 2.551321700267132422e+13 2.545142070341386719e+13
1.331331331331331285e+03 2.551321700267132422e+13 2.545142070341386719e+13
1.341341341341341376e+03 2.551321700267132422e+13 2.545142070341386719e+13
1.351351351351351241e+03 2.551321700267132422e+13 2.545142070341386719e+13
1.361361361361361332e+03 2.551321700267132422e+13 2.545142070341386719e+13
1.371371371371371424e+03 2.551321700267132422e+13 2.545142070341386719e+13
1.381381381381381289e+03 2.551321700267132422e+13 2.545142070341386719e+13
1.391391391391391380e+03 2.551321700267132422e+13 2.545142070341386719e+13
1.401401401401401472e+03 2.551321700267132422e+13 2.545142070341386719e+13
1.411411411411411336e+03 2.551321700267132422e+13 2.545142070341386719e+13
1.421421421421421428e+03 2.551321700267132422e+13 2.545142070341386719e+13
1.431431431431431292e+03 2.551321700267132422e+13 2.545142070341386719e+13
1.441441441441441384e+03 2.551321700267132422e+13 2.545142070341386719e+13
1.451451451451451476e+03 2.551321700267132422e+13 2.545142070341386719e+13
1.461461461461461340e+03 2.551321700267132422e+13 2.545142070341386719e+13
1.471471471471471432e+03 2.551321700267132422e+13 2.545142070341386719e+13
1.481481481481481296e+03 2.551321700267132422e+13 2.545142070341386719e+13
1.491491491491491388e+03 2.551321700267132422e+13 2.545142070341386719e+13
1.501501501501501480e+03 2.551321700267132422e+13 2.545142070341386719e+13
1.511511511511511344e+03 2.551321700267132422e+13 2.545142070341386719e+13
1.521521521521521436e+03 2.551321700267132422e+13 2.545142070341386719e+13
1.531531531531531527e+03 2.551321700267132422e+13 2.545142070341386719e+13
1.541541541541541392e+03 2.551321700267132422e+13 2.545142070341386719e+13
1.551551551551551483e+03 2.551321700267132422e+13 2.545142070341386719e+13
1.561561561561561575e+03 2.551321700267132422e+13 2.545142070341386719e+13
1.571571571571571440e+03 2.551321700267132422e+13 2.545142070341386719e+13
1.581581581581581759e+03 2.551321700267132422e+13 2.545142070341386719e+13
1.591591591591591623e+03 2.551321700267132422e+13 2.545142070341386719e+13
1.601601601601601715e+03 2.551321700267132422e+13 2.545142070341386719e+13
1.611611611611611806e+03 2.551321700267132422e+13 2.545142070341386719e+13
1.621621621621621671e+03 2.551321700267132422e+13 2.545142070341386719e+13
1.631631631631631763e+03 2.551321700267132422e+13 2.545142070341386719e+13
1.641641641641641627e+03 2.551321700267132422e+13 2.545142070341386719e+13
1.651651651651651719e+03 2.551321700267132422e+13 2.545142070341386719e+13
1.661661661661661810e+03 2.551321700267132422e+13 2.545142070341386719e+13
1.671671671671671675e+03 2.551321700267132422e+13 2.545142070341386719e+13
1.681681681681681766e+03 2.551321700267132422e+13 2.545142070341386719e+13
1.691691691691691858e+03 2.551321700267132422e+13 2.545142070341386719e+13
1.701701701701701722e+03 2.551321700267132422e+13 2.545142070341386719e+13
1.711711711711711814e+03 2.551321700267132422e+13 2.545142070341386719e+13
1.721721721721721906e+03 2.551321700267132422e+13 2.545142070341386719e+13
1.731731731731731770e+03 2.551321700267132422e+13 2.545142070341386719e+13
1.741741741741741862e+03 2.551321700267132422e+13 2.545142070341386719e+13
1.751751751751751726e+03 2.551321700267132422e+13 2.545142070341386719e+13
1.761761761761761818e+03 2.551321700267132422e+13 2.545142070341386719e+13
1.771771771771771910e+03 2.551321700267132422e+13 2.545142070341386719e+13
1.781781781781781774e+03 2.551321700267132422e+13 2.545142070341386719e+13
1.791791791791791866e+03 2.551321700267132422e+13 2.545142070341386719e+13
1.801801801801801730e+03 2.551321700267132422e+13 2.545142070341386719e+13
1.811811811811811822e+03 2.551321700267132422e+13 2.545142070341386719e+13
1.821821821821821914e+03 2.551321700267132422e+13 2.545142070341386719e+13
1.831831831831831778e+03 2.551321700267132422e+13 2.545142070341386719e+13
1.841841841841841870e+03 2.551321700267132422e+13 2.545142070341386719e+13
1.851851851851851961e+03 2.551321700267132422e+13 2.545142070341386719e+13
1.861861861861861826e+03 2.551321700267132422e+13 2.545142070341386719e+13
1.871871871871871917e+03 2.551321700267132422e+13 2.545142070341386719e+13
1.881881881881882009e+03 2.551321700267132422e+13 2.545142070341386719e+13
1.891891891891891873e+03 2.551321700267132422e+13 2.545142070341386719e+13
1.901901901901901965e+03 2.551321700267132422e+13 2.545142070341386719e+13
1.911911911911911830e+03 2.551321700267132422e+13 2.545142070341386719e+13
1.921921921921921921e+03 2.551321700267132422e+13 2.545142070341386719e+13
1.931931931931932013e+03 2.551321700267132422e+13 2.545142070341386719e+13
1.941941941941941877e+03 2.551321700267132422e+13 2.545142070341386719e+13
1.951951951951951969e+03 2.551321700267132422e+13 2.545142070341386719e+13
1.961961961961961833e+03 2.551321700267132422e+13 2.545142070341386719e+13
1.971971971971971925e+03 2.551321700267132422e+13 2.545142070341386719e+13
1.981981981981982017e+03 2.551321700267132422e+13 2.545142070341386719e+13
1.991991991991991881e+03 2.551321700267132422e+13 2.545142070341386719e+13
2.002002002002001973e+03 2.548198236339405469e+13 2.542031519986550391e+13
2.012012012012012065e+03 2.532580916700770703e+13 2.526478701622688281e+13
2.022022022022021929e+03 2.516963597062135547e+13 2.510925773776682031e+13
2.032032032032032021e+03 2.501346277423500000e+13 2.495372738494948047e+13
2.042042042042042112e+03 2.485728957784864844e+13 2.479819597823774219e+13
2.052052052052052204e+03 2.470111638146230078e+13 2.464266353809049609e+13
2.062062062062062068e+03 2.454494318507594922e+13 2.448713008496017188e+13
2.072072072072071933e+03 2.438876998868960547e+13 2.433159563929005859e+13
2.082082082082082252e+03 2.423259679230324609e+13 2.417606022151183984e+13
2.092092092092092116e+03 2.407642359591689453e+13 2.402052385204305469e+13
2.102102102102102435e+03 2.392025039953053125e+13 2.386498655128452734e+13
2.112112112112111845e+03 2.376407720314419922e+13 2.370944833961793359e+13
2.122122122122122164e+03 2.360790400675784766e+13 2.355390923740324609e+13
2.132132132132132028e+03 2.345173081037148828e+13 2.339836926497640625e+13
2.142142142142142347e+03 2.329555761398514453e+13 2.324282844264675391e+13
2.152152152152152212e+03 2.313938441759878906e+13 2.308728679069467969e+13
2.162162162162162531e+03 2.298321122121243359e+13 2.293174432936922266e+13
2.172172172172171940e+03 2.282703802482608984e+13 2.277620107888572656e+13
2.182182182182182260e+03 2.267086482843973828e+13 2.262065705942336719e+13
2.192192192192192124e+03 2.251469163205338672e+13 2.246511229112297266e+13
2.202202202202202443e+03 2.235851843566703516e+13 2.230956679408463281e+13
2.212212212212212307e+03 2.220234523928068359e+13 2.215402058836541406e+13
2.222222222222222172e+03 2.204617204289433594e+13 2.199847369397711719e+13
2.232232232232232036e+03 2.188999884650799219e+13 2.184292613088400781e+13
2.242242242242242355e+03 2.173382565012163281e+13 2.168737791900060547e+13
2.252252252252252219e+03 2.157776627829763281e+13 2.153184553631346094e+13
2.262262262262262539e+03 2.142209896885505469e+13 2.137636923360060938e+13
2.272272272272271948e+03 2.126643165941250000e+13 2.122089234152086328e+13
2.282282282282282267e+03 2.111076434996991797e+13 2.106541487976803125e+13
2.292292292292292132e+03 2.095509704052734766e+13 2.090993686797557031e+13
2.302302302302302451e+03 2.079942973108476953e+13 2.075445832571431250e+13
2.312312312312312315e+03 2.064376242164219922e+13 2.059897927249051562e+13
2.322322322322322179e+03 2.048809511219963281e+13 2.044349972774383594e+13
2.332332332332332044e+03 2.033242780275706641e+13 2.028801971084528906e+13
2.342342342342342363e+03 2.017676049331449219e+13 2.013253924109530078e+13
2.352352352352352227e+03 2.002109318387191406e+13 1.997705833772179688e+13
2.362362362362362546e+03 1.986542587442934375e+13 1.982157701987821094e+13
2.372372372372372411e+03 1.970975856498677734e+13 1.966609530664164844e+13
2.382382382382382275e+03 1.955409125554419922e+13 1.951061321701098438e+13
2.392392392392392139e+03 1.939842394610164062e+13 1.935513076990505078e+13
2.402402402402402458e+03 1.924275663665905859e+13 1.919964798416079688e+13
2.412412412412412323e+03 1.908708932721648438e+13 1.904416487853152734e+13
2.422422422422422642e+03 1.893142201777390625e+13 1.888868147168509766e+13
2.432432432432432051e+03 1.877575470833134766e+13 1.873319778220226172e+13
2.442442442442442371e+03 1.862008739888876953e+13 1.857771382857485547e+13
2.452452452452452235e+03 1.846442008944620312e+13 1.842222962920423047e+13
2.462462462462462554e+03 1.830875278000362891e+13 1.826674520239951953e+13
2.472472472472472418e+03 1.815308547056105469e+13 1.811126056637606641e+13
2.482482482482482737e+03 1.799741816111847656e+13 1.795577573925379297e+13
2.492492492492492147e+03 1.784175085167591797e+13 1.780029073905567578e+13
2.502502502502502466e+03 1.769697291387823828e+13 1.765579744614487500e+13
2.512512512512512330e+03 1.758486309101524023e+13 1.754427960322333594e+13
2.522522522522522650e+03 1.747275326815224414e+13 1.743276164069772656e+13
2.532532532532532969e+03 1.736064344528924219e+13 1.732124357618800000e+13
2.542542542542542378e+03 1.724853362242625000e+13 1.720972542720973242e+13
2.552552552552552697e+03 1.713642379956325781e+13 1.709820721117269141e+13
2.562562562562562562e+03 1.702431397670025977e+13 1.698668894537950391e+13
2.572572572572572881e+03 1.691220415383725781e+13 1.687517064702428906e+13
2.582582582582582745e+03 1.680009433097426172e+13 1.676365233319136523e+13
2.592592592592592609e+03 1.668798450811127148e+13 1.665213402085393359e+13
2.602602602602602474e+03 1.657587468524827539e+13 1.654061572687284570e+13
2.612612612612612793e+03 1.646376486238527539e+13 1.642909746799535742e+13
2.622622622622622657e+03 1.635165503952228320e+13 1.631757926085396289e+13
2.632632632632632976e+03 1.623954521665928125e+13 1.620606112196516992e+13
2.642642642642642386e+03 1.612743539379629102e+13 1.609454306772841406e+13
2.652652652652652705e+03 1.601532557093329883e+13 1.598302511442487695e+13
2.662662662662662569e+03 1.590321574807030078e+13 1.587150727821645312e+13
2.672672672672672888e+03 1.579110592520729883e+13 1.575998957514467188e+13
2.682682682682682753e+03 1.567899610234430859e+13 1.564847202112967969e+13
2.692692692692693072e+03 1.556688627948130859e+13 1.553695463196917969e+13
2.702702702702702481e+03 1.545477645661831836e+13 1.542543742333755273e+13
2.712712712712712801e+03 1.534266663375532227e+13 1.531392041078483398e+13
2.722722722722722665e+03 1.523055681089232031e+13 1.520240360973580469e+13
2.732732732732732984e+03 1.511844698802932422e+13 1.509088703548913867e+13
2.742742742742742848e+03 1.500633716516632812e+13 1.497937070321651172e+13
2.752752752752752713e+03 1.489951770157192188e+13 1.487300574371123047e+13
2.762762762762762577e+03 1.480664554877651172e+13 1.478022127038762109e+13
2.772772772772772896e+03 1.471377339598109375e+13 1.468743708378285547e+13
2.782782782782782760e+03 1.462090124318568555e+13 1.459465319855255469e+13
2.792792792792793080e+03 1.452802909039026758e+13 1.450186962922140430e+13
2.802802802802802944e+03 1.443515693759485547e+13 1.440908639018252148e+13
2.812812812812812808e+03 1.434228478479944531e+13 1.431630349569674414e+13
2.822822822822822673e+03 1.424941263200403516e+13 1.422352095989198242e+13
2.832832832832832992e+03 1.415654047920861719e+13 1.413073879676261914e+13
2.842842842842842856e+03 1.406366832641320898e+13 1.403795702016891992e+13
2.852852852852853175e+03 1.397079617361779297e+13 1.394517564383643164e+13
2.862862862862862585e+03 1.387792402082238477e+13 1.385239468135550781e+13
2.872872872872872904e+03 1.378505186802696484e+13 1.375961414618070898e+13
2.882882882882882768e+03 1.369217971523156055e+13 1.366683405163041406e+13
2.892892892892893087e+03 1.359930756243613867e+13 1.357405441088627148e+13
2.902902902902902952e+03 1.350643540964072852e+13 1.348127523699282031e+13
2.912912912912912816e+03 1.341356325684531836e+13 1.338849654285705469e+13
2.922922922922922680e+03 1.332069110404990625e+13 1.329571834124804297e+13
2.932932932932932999e+03 1.322781895125448828e+13 1.320294064479657227e+13
2.942942942942942864e+03 1.313494679845908203e+13 1.311016346599482812e+13
2.952952952952953183e+03 1.304207464566366406e+13 1.301738681719603125e+13
2.962962962962962592e+03 1.294920249286825586e+13 1.292461071061424219e+13
2.972972972972972912e+03 1.285633034007284375e+13 1.283183515832399609e+13
2.982982982982982776e+03 1.276345818727742969e+13 1.273906017226015234e+13
2.992992992992993095e+03 1.267058603448201172e+13 1.264628576421762500e+13
3.003003003003002959e+03 1.258297355410147070e+13 1.255865068118161719e+13
3.013013013013013278e+03 1.250763364268893359e+13 1.248300658177381445e+13
3.023023023023022688e+03 1.243229373127640430e+13 1.240736309493081055e+13
3.033033033033033007e+03 1.235695381986386523e+13 1.233172023188618164e+13
3.043043043043042871e+03 1.228161390845133789e+13 1.225607800373287305e+13
3.053053053053053191e+03 1.220627399703880078e+13 1.218043642142312500e+13
3.063063063063063055e+03 1.213093408562626758e+13 1.210479549576842188e+13
3.073073073073072919e+03 1.205559417421373633e+13 1.202915523743945703e+13
3.083083083083082784e+03 1.198025426280120508e+13 1.195351565696614453e+13
3.093093093093093103e+03 1.190491435138866797e+13 1.187787676473759180e+13
3.103103103103102967e+03 1.182957443997613477e+13 1.180223857100220898e+13
3.113113113113113286e+03 1.175423452856359766e+13 1.172660108586767773e+13
3.123123123123123150e+03 1.167889461715106641e+13 1.165096431930112109e+13
3.133133133133133015e+03 1.160355470573853711e+13 1.157532828112913086e+13
3.143143143143142879e+03 1.152821479432600586e+13 1.149969298103791992e+13
3.153153153153153198e+03 1.145287488291346680e+13 1.142405842857346680e+13
3.163163163163163517e+03 1.137753497150093359e+13 1.134842463314166992e+13
3.173173173173173382e+03 1.130219506008840039e+13 1.127279160400853711e+13
3.183183183183183246e+03 1.122685514867586914e+13 1.119715935030036133e+13
3.193193193193193110e+03 1.115151523726333594e+13 1.112152788100396484e+13
3.203203203203203429e+03 1.107617532585080078e+13 1.104589720496693945e+13
3.213213213213213294e+03 1.100083541443826758e+13 1.097026733089788672e+13
3.223223223223223613e+03 1.092549550302573047e+13 1.089463826736670703e+13
3.233233233233233022e+03 1.085015559161320508e+13 1.081901002280490039e+13
3.243243243243243342e+03 1.077481568020066797e+13 1.074338260550584180e+13
3.253253253253253206e+03 1.069884610636167773e+13 1.066731340573849609e+13
3.263263263263263525e+03 1.062156877209850586e+13 1.059032576610465820e+13
3.273273273273273389e+03 1.054429143783533008e+13 1.051333897778857617e+13
3.283283283283283254e+03 1.046701410357215820e+13 1.043635304853474219e+13
3.293293293293293118e+03 1.038973676930899023e+13 1.035936798595137891e+13
3.303303303303303437e+03 1.031245943504581445e+13 1.028238379751083789e+13
3.313313313313313301e+03 1.023518210078264258e+13 1.020540049055007422e+13
3.323323323323323621e+03 1.015790476651947070e+13 1.012841807227105078e+13
3.333333333333333485e+03 1.008062743225629688e+13 1.005143654974122656e+13
3.343343343343343349e+03 1.000335009799312500e+13 9.974455929894025391e+12
3.353353353353353214e+03 9.926072763729949219e+12 9.897476219529330078e+12
3.363363363363363533e+03 9.848795429466781250e+12 9.820497425314009766e+12
3.373373373373373397e+03 9.771518095203609375e+12 9.743519553782408203e+12
3.383383383383383716e+03 9.694240760940429688e+12 9.666542611336910156e+12
3.393393393393393126e+03 9.616963426677263672e+12 9.589566604248503906e+12
3.403403403403403445e+03 9.539686092414091797e+12 9.512591538657298828e+12
3.413413413413413309e+03 9.462408758150916016e+12 9.435617420573148438e+12
3.423423423423423628e+03 9.385131423887744141e+12 9.358644255876236328e+12
3.433433433433433493e+03 9.307854089624570312e+12 9.281672050317667969e+12
3.443443443443443812e+03 9.230576755361394531e+12 9.204700809520093750e+12
3.453453453453453221e+03 9.153299421098230469e+12 9.127730538978361328e+12
3.463463463463463540e+03 9.076022086835054688e+12 9.050761244060105469e+12
3.473473473473473405e+03 8.998744752571880859e+12 8.973792930006472656e+12
3.483483483483483724e+03 8.921467418308710938e+12 8.896825601932738281e+12
3.493493493493493588e+03 8.844190084045535156e+12 8.819859264829000000e+12
3.503503503503503453e+03 8.769671850966533203e+12 8.745606429065967773e+12
3.513513513513513317e+03 8.700277662943847656e+12 8.676392104104118164e+12
3.523523523523523636e+03 8.630883474921163086e+12 8.607178784338451172e+12
3.533533533533533500e+03 8.561489286898478516e+12 8.537966474265351562e+12
3.543543543543543819e+03 8.492095098875790039e+12 8.468755178259587891e+12
3.553553553553553229e+03 8.422700910853110352e+12 8.399544900575063477e+12
3.563563563563563548e+03 8.353306722830423828e+12 8.330335645345505859e+12
3.573573573573573412e+03 8.283912534807737305e+12 8.261127416585313477e+12
3.583583583583583732e+03 8.214518346785052734e+12 8.191920218190269531e+12
3.593593593593593596e+03 8.145124158762367188e+12 8.122714053938323242e+12
3.603603603603603460e+03 8.075729970739682617e+12 8.053508927490405273e+12
3.613613613613613325e+03 8.006335782716999023e+12 7.984304842391191406e+12
3.623623623623623644e+03 7.936941594694310547e+12 7.915101802069920898e+12
3.633633633633633508e+03 7.867547406671626953e+12 7.845899809841212891e+12
3.643643643643643827e+03 7.798153218648941406e+12 7.776698868905876953e+12
3.653653653653653691e+03 7.728759030626255859e+12 7.707498982351734375e+12
3.663663663663663556e+03 7.659364842603572266e+12 7.638300153154460938e+12
3.673673673673673420e+03 7.589970654580885742e+12 7.569102384178427734e+12
3.683683683683683739e+03 7.520576466558201172e+12 7.499905678177534180e+12
3.693693693693693604e+03 7.451182278535515625e+12 7.430710037796081055e+12
3.703703703703703923e+03 7.381788090512828125e+12 7.361515465569609375e+12
3.713713713713713332e+03 7.312393902490147461e+12 7.292321963925791016e+12
3.723723723723723651e+03 7.242999714467460938e+12 7.223129535185255859e+12
3.733733733733733516e+03 7.173605526444774414e+12 7.153938181562529297e+12
3.743743743743743835e+03 7.104211338422089844e+12 7.084747905166857422e+12
3.753753753753753699e+03 7.040239238127928711e+12 7.020907798456979492e+12
3.763763763763764018e+03 6.985303950714638672e+12 6.965983923636868164e+12
3.773773773773773428e+03 6.930368663301359375e+12 6.911061131748935547e+12
3.783783783783783747e+03 6.875433375888068359e+12 6.856139424490301758e+12
3.793793793793794066e+03 6.820498088474778320e+12 6.801218803457344727e+12
3.803803803803803930e+03 6.765562801061491211e+12 6.746299270146559570e+12
3.813813813813814249e+03 6.710627513648204102e+12 6.691380825955480469e+12
3.823823823823823659e+03 6.655692226234918945e+12 6.636463472183598633e+12
3.833833833833833978e+03 6.600756938821629883e+12 6.581547210033279297e+12
3.843843843843843842e+03 6.545821651408345703e+12 6.526632040610698242e+12
3.853853853853854162e+03 6.490886363995055664e+12 6.471717964926738281e+12
3.863863863863864026e+03 6.435951076581768555e+12 6.416804983897942383e+12
3.873873873873873890e+03 6.381015789168485352e+12 6.361893098347429688e+12
3.883883883883883755e+03 6.326080501755197266e+12 6.306982309005822266e+12
3.893893893893894074e+03 6.271145214341908203e+12 6.252072616512198242e+12
3.903903903903903938e+03 6.216209926928622070e+12 6.197164021415012695e+12
3.913913913913914257e+03 6.161274639515333984e+12 6.142256524173035156e+12
3.923923923923923667e+03 6.106339352102049805e+12 6.087350125156293945e+12
3.933933933933933986e+03 6.051404064688761719e+12 6.032444824647013672e+12
3.943943943943943850e+03 5.996468777275475586e+12 5.977540622840560547e+12
3.953953953953954169e+03 5.941533489862185547e+12 5.922637519846371094e+12
3.963963963963964034e+03 5.886598202448899414e+12 5.867735515688917969e+12
3.973973973973974353e+03 5.831662915035612305e+12 5.812834610308633789e+12
3.983983983983983762e+03 5.776727627622328125e+12 5.757934803562863281e+12
3.993993993993994081e+03 5.721792340209037109e+12 5.703036095226792969e+12
4.004004004004003946e+03 5.669240928633278320e+12 5.650596489407942383e+12
4.014014014014014265e+03 5.620265330813808594e+12 5.601844987926804688e+12
4.024024024024024129e+03 5.571289732994338867e+12 5.553094583697530273e+12
4.034034034034033994e+03 5.522314135174869141e+12 5.504345276176167969e+12
4.044044044044043858e+03 5.473338537355400391e+12 5.455597064741345703e+12
4.054054054054054177e+03 5.424362939535929688e+12 5.406849948695197266e+12
4.064064064064064041e+03 5.375387341716458984e+12 5.358103927264310547e+12
4.074074074074074360e+03 5.326411743896991211e+12 5.309358999600673828e+12
4.084084084084084225e+03 5.277436146077520508e+12 5.260615164782598633e+12
4.094094094094094089e+03 5.228460548258050781e+12 5.211872421815671875e+12
4.104104104104104408e+03 5.179484950438580078e+12 5.163130769633678711e+12
4.114114114114114273e+03 5.130509352619112305e+12 5.114390207099550781e+12
4.124124124124124137e+03 5.081533754799642578e+12 5.065650733006283203e+12
4.134134134134134001e+03 5.032558156980171875e+12 5.016912346077874023e+12
4.144144144144143866e+03 4.983582559160707031e+12 4.968175044970251953e+12
4.154154154154153730e+03 4.934606961341236328e+12 4.919438828272190430e+12
4.164164164164164504e+03 4.885631363521762695e+12 4.870703694506247070e+12
4.174174174174174368e+03 4.836655765702292969e+12 4.821969642129682617e+12
4.184184184184184232e+03 4.787680167882823242e+12 4.773236669535364258e+12
4.194194194194194097e+03 4.738704570063353516e+12 4.724504775052697266e+12
4.204204204204204871e+03 4.689728972243879883e+12 4.675773956948522461e+12
4.214214214214213825e+03 4.640753374424417969e+12 4.627044213428057617e+12
4.224224224224223690e+03 4.591777776604949219e+12 4.578315542635745117e+12
4.234234234234234464e+03 4.542802178785474609e+12 4.529587942656209961e+12
4.244244244244244328e+03 4.493826580966005859e+12 4.480861411515154297e+12
4.254254254254254192e+03 4.448827529969219727e+12 4.436012151075433594e+12
4.264264264264264057e+03 4.409208512909005859e+12 4.396408231210572266e+12
4.274274274274273921e+03 4.369589495848795898e+12 4.356805373916577148e+12
4.284284284284284695e+03 4.329970478788578125e+12 4.317203576992312500e+12
4.294294294294293650e+03 4.290351461728367676e+12 4.277602838182171387e+12
4.304304304304304424e+03 4.250732444668150879e+12 4.238003155176904785e+12
4.314314314314314288e+03 4.211113427607937012e+12 4.198404525614555664e+12
4.324324324324325062e+03 4.171494410547718750e+12 4.158806947081272461e+12
4.334334334334334017e+03 4.131875393487512207e+12 4.119210417112224609e+12
4.344344344344343881e+03 4.092256376427298340e+12 4.079614933192404785e+12
4.354354354354354655e+03 4.052637359367081055e+12 4.040020492757537109e+12
4.364364364364364519e+03 4.013018342306867676e+12 4.000427093194918945e+12
4.374374374374375293e+03 3.973399325246649902e+12 3.960834731844243652e+12
4.384384384384384248e+03 3.933780308186439941e+12 3.921243405998476074e+12
4.394394394394394112e+03 3.894161291126225586e+12 3.881653112904654297e+12
4.404404404404404886e+03 3.854542274066012207e+12 3.842063849764758789e+12
4.414414414414414750e+03 3.814923257005797852e+12 3.802475613736517578e+12
4.424424424424424615e+03 3.775304239945583984e+12 3.762888401934239746e+12
4.434434434434434479e+03 3.735685222885369629e+12 3.723302211429627930e+12
4.444444444444444343e+03 3.696066205825155762e+12 3.683717039252597656e+12
4.454454454454455117e+03 3.656447188764938965e+12 3.644132882392076660e+12
4.464464464464464072e+03 3.616828171704731934e+12 3.604549737796831055e+12
4.474474474474474846e+03 3.577209154644515137e+12 3.564967602376210938e+12
4.484484484484484710e+03 3.537590137584300781e+12 3.525386473001011230e+12
4.494494494494494575e+03 3.497971120524086426e+12 3.485806346504206055e+12
4.504504504504504439e+03 3.461643239429253906e+12 3.449534140390521484e+12
4.514514514514514303e+03 3.429337857847666504e+12 3.417304722688286621e+12
4.524524524524525077e+03 3.397032476266075195e+12 3.385076298144348145e+12
4.534534534534534941e+03 3.364727094684489258e+12 3.352848863448239746e+12
4.544544544544543896e+03 3.332421713102903320e+12 3.320622415255529785e+12
4.554554554554554670e+03 3.300116331521312988e+12 3.288396950188589844e+12
4.564564564564564535e+03 3.267810949939724609e+12 3.256172464837351562e+12
4.574574574574575308e+03 3.235505568358132812e+12 3.223948955760027344e+12
4.584584584584584263e+03 3.203200186776547852e+12 3.191726419483869141e+12
4.594594594594594128e+03 3.170894805194962402e+12 3.159504852505872070e+12
4.604604604604604901e+03 3.138589423613370605e+12 3.127284251293510742e+12
4.614614614614614766e+03 3.106284042031782715e+12 3.095064612285479004e+12
4.624624624624624630e+03 3.073978660450194336e+12 3.062845931892367188e+12
4.634634634634634494e+03 3.041673278868606445e+12 3.030628206497386719e+12
4.644644644644644359e+03 3.009367897287017578e+12 2.998411432457070801e+12
4.654654654654655133e+03 2.977062515705425781e+12 2.966195606101958496e+12
4.664664664664664087e+03 2.944757134123844238e+12 2.933980723737307129e+12
4.674674674674674861e+03 2.912451752542252441e+12 2.901766781643726562e+12
4.684684684684684726e+03 2.880146370960664062e+12 2.869553776077917480e+12
4.694694694694695499e+03 2.847840989379073242e+12 2.837341703273287598e+12
4.704704704704704454e+03 2.815535607797487793e+12 2.805130559440654297e+12
4.714714714714714319e+03 2.783230226215899414e+12 2.772920340768866699e+12
4.724724724724725093e+03 2.750924844634311035e+12 2.740711043425485840e+12
4.734734734734734957e+03 2.718619463052723145e+12 2.708502663557415039e+12
4.744744744744744821e+03 2.686314081471134277e+12 2.676295197291544434e+12
4.754754754754754686e+03 2.659087723335567383e+12 2.649122764633789062e+12
4.764764764764764550e+03 2.637475022692970703e+12 2.627515269451678711e+12
4.774774774774775324e+03 2.615862322050373047e+12 2.605908676138632812e+12
4.784784784784784279e+03 2.594249621407780273e+12 2.584302980747752441e+12
4.794794794794795052e+03 2.572636920765181641e+12 2.562698179315197754e+12
4.804804804804804917e+03 2.551024220122584961e+12 2.541094267860838867e+12
4.814814814814814781e+03 2.529411519479988770e+12 2.519491242388815918e+12
4.824824824824824645e+03 2.507798818837392090e+12 2.497889098888136230e+12
4.834834834834834510e+03 2.486186118194795898e+12 2.476287833333264648e+12
4.844844844844845284e+03 2.464573417552197266e+12 2.454687441684686523e+12
4.854854854854855148e+03 2.442960716909603027e+12 2.433087919889496094e+12
4.864864864864864103e+03 2.421348016267008301e+12 2.411489263881936035e+12
4.874874874874874877e+03 2.399735315624410156e+12 2.389891469583969727e+12
4.884884884884884741e+03 2.378122614981814453e+12 2.368294532905837402e+12
4.894894894894895515e+03 2.356509914339215332e+12 2.346698449746583496e+12
4.904904904904904470e+03 2.334897213696621094e+12 2.325103215994614258e+12
4.914914914914914334e+03 2.313284513054026367e+12 2.303508827528209961e+12
4.924924924924925108e+03 2.291671812411427734e+12 2.281915280216063477e+12
4.934934934934934972e+03 2.270059111768831055e+12 2.260322569917803711e+12
4.944944944944944837e+03 2.248446411126234863e+12 2.238730692484497070e+12
4.954954954954954701e+03 2.226833710483639160e+12 2.217139643759162598e+12
4.964964964964965475e+03 2.205221009841040527e+12 2.195549419577266602e+12
4.974974974974975339e+03 2.183608309198444336e+12 2.173960015767231445e+12
4.984984984984984294e+03 2.161995608555851562e+12 2.152371428150908936e+12
4.994994994994995068e+03 2.140382907913253418e+12 2.130783652544061035e+12
5.005005005005004932e+03 2.120475907520437744e+12 2.110923214862753174e+12
5.015015015015015706e+03 2.102274607377402344e+12 2.092790110912011963e+12
5.025025025025024661e+03 2.084073307234369385e+12 2.074657806386301758e+12
5.035035035035034525e+03 2.065872007091335205e+12 2.056526297081763428e+12
5.045045045045045299e+03 2.047670706948301025e+12 2.038395578790781006e+12
5.055055055055055163e+03 2.029469406805267090e+12 2.020265647302424561e+12
5.065065065065065937e+03 2.011268106662230713e+12 2.002136498402886230e+12
5.075075075075074892e+03 1.993066806519197998e+12 1.984008127875925781e+12
5.085085085085084756e+03 1.974865506376163818e+12 1.965880531503280029e+12
5.095095095095095530e+03 1.956664206233128174e+12 1.947753705065101074e+12
5.105105105105105395e+03 1.938462906090094971e+12 1.929627644340373047e+12
5.115115115115115259e+03 1.920261605947061279e+12 1.911502345107307129e+12
5.125125125125125123e+03 1.902060305804027100e+12 1.893377803143761230e+12
5.135135135135134988e+03 1.883859005660992920e+12 1.875254014227634033e+12
5.145145145145145761e+03 1.865657705517957031e+12 1.857130974137256104e+12
5.155155155155154716e+03 1.847456405374924316e+12 1.839008678651783936e+12
5.165165165165165490e+03 1.829255105231888428e+12 1.820887123551566162e+12
5.175175175175175355e+03 1.811053805088855713e+12 1.802766304618542236e+12
5.185185185185185219e+03 1.792852504945821777e+12 1.784646217636587891e+12
5.195195195195195083e+03 1.774651204802787354e+12 1.766526858391900146e+12
5.205205205205204948e+03 1.756449904659752686e+12 1.748408222673343750e+12
5.215215215215215721e+03 1.738248604516717041e+12 1.730290306272810059e+12
5.225225225225225586e+03 1.720047304373682617e+12 1.712173104985564209e+12
5.235235235235234541e+03 1.701846004230651611e+12 1.694056614610588623e+12
5.245245245245245314e+03 1.683644704087615967e+12 1.675940830950906738e+12
5.255255255255255179e+03 1.666085505991325195e+12 1.658460030216173096e+12
5.265265265265265953e+03 1.649107257365895752e+12 1.641553800561153076e+12
5.275275275275274907e+03 1.632129008740469238e+12 1.624648265058128174e+12
5.285285285285284772e+03 1.615150760115041016e+12 1.607743419529592529e+12
5.295295295295295546e+03 1.598172511489611816e+12 1.590839259803702148e+12
5.305305305305305410e+03 1.581194262864185303e+12 1.573935781714574951e+12
5.315315315315315274e+03 1.564216014238757568e+12 1.557032981102581787e+12
5.325325325325325139e+03 1.547237765613330078e+12 1.540130853814652344e+12
5.335335335335335913e+03 1.530259516987900146e+12 1.523229395704555664e+12
5.345345345345345777e+03 1.513281268362472412e+12 1.506328602633192139e+12
5.355355355355354732e+03 1.496303019737045410e+12 1.489428470468866211e+12
5.365365365365365506e+03 1.479324771111617920e+12 1.472528995087559570e+12
5.375375375375375370e+03 1.462346522486189941e+12 1.455630172373203857e+12
5.385385385385386144e+03 1.445368273860760986e+12 1.438731998217945557e+12
5.395395395395395099e+03 1.428390025235334229e+12 1.421834468522404297e+12
5.405405405405404963e+03 1.411411776609906250e+12 1.404937579195919678e+12
5.415415415415415737e+03 1.394433527984476562e+12 1.388041326156809082e+12
5.425425425425425601e+03 1.377455279359050293e+12 1.371145705332617188e+12
5.435435435435435465e+03 1.360477030733622559e+12 1.354250712660337891e+12
5.445445445445445330e+03 1.343498782108194580e+12 1.337356344086664795e+12
5.455455455455455194e+03 1.326520533482766602e+12 1.320462595568216553e+12
5.465465465465465968e+03 1.309542284857336914e+12 1.303569463071761230e+12
5.475475475475474923e+03 1.292564036231910645e+12 1.286676942574445068e+12
5.485485485485485697e+03 1.275585787606480957e+12 1.269785030063992432e+12
5.495495495495495561e+03 1.258607538981054688e+12 1.252893721538941162e+12
5.505505505505505425e+03 1.245161801120610352e+12 1.239509684783461182e+12
5.515515515515515290e+03 1.234606299340605957e+12 1.228995339132008545e+12
5.525525525525525154e+03 1.224050797560601807e+12 1.218481585528408691e+12
5.535535535535535928e+03 1.213495295780597412e+12 1.207968420016429443e+12
5.545545545545545792e+03 1.202939794000593506e+12 1.197455838651634766e+12
5.555555555555554747e+03 1.192384292220591309e+12 1.186943837501570557e+12
5.565565565565565521e+03 1.181828790440586426e+12 1.176432412645939209e+12
5.575575575575575385e+03 1.171273288660582520e+12 1.165921560176793457e+12
5.585585585585586159e+03 1.160717786880577881e+12 1.155411276198693115e+12
5.595595595595595114e+03 1.150162285100574463e+12 1.144901556828885010e+12
5.605605605605605888e+03 1.139606783320569580e+12 1.134392398197460693e+12
5.615615615615615752e+03 1.129051281540565430e+12 1.123883796447525879e+12
5.625625625625625617e+03 1.118495779760562744e+12 1.113375747735351318e+12
5.635635635635635481e+03 1.107940277980558838e+12 1.102868248230525146e+12
5.645645645645645345e+03 1.097384776200554810e+12 1.092361294116109619e+12
5.655655655655656119e+03 1.086829274420549927e+12 1.081854881588779663e+12
5.665665665665665983e+03 1.076273772640546143e+12 1.071349006858970703e+12
5.675675675675674938e+03 1.065718270860542847e+12 1.060843666151010620e+12
5.685685685685685712e+03 1.055162769080538940e+12 1.050338855703256836e+12
5.695695695695695576e+03 1.044607267300535156e+12 1.039834571768228394e+12
5.705705705705706350e+03 1.034051765520530151e+12 1.029330810612730225e+12
5.715715715715716215e+03 1.023496263740526123e+12 1.018827568517982300e+12
5.725725725725725169e+03 1.012940761960523193e+12 1.008324841779730835e+12
5.735735735735735943e+03 1.002385260180518433e+12 9.978226267083687744e+11
5.745745745745745808e+03 9.918297584005144043e+11 9.873209196290534668e+11
5.755755755755756581e+03 9.819844710681124268e+11 9.774981890399556885e+11
5.765765765765765536e+03 9.726641248491555176e+11 9.681774385591684570e+11
5.775775775775775401e+03 9.633437786301979980e+11 9.588571851355294189e+11
5.785785785785786175e+03 9.540234324112399902e+11 9.495374251542947998e+11
5.795795795795796039e+03 9.447030861922824707e+11 9.402181550159967041e+11
5.805805805805805903e+03 9.353827399733247070e+11 9.308993711365319824e+11
5.815815815815815768e+03 9.260623937543682861e+11 9.215810699472562256e+11
5.825825825825825632e+03 9.167420475354106445e+11 9.122632478950654297e+11
5.835835835835836406e+03 9.074217013164523926e+11 9.029459014424855957e+11
5.845845845845845361e+03 8.981013550974958496e+11 8.936290270677507324e+11
5.855855855855856134e+03 8.887810088785374756e+11 8.843126212648765869e+11
5.865865865865865999e+03 8.794606626595799561e+11 8.749966805437416992e+11
5.875875875875875863e+03 8.701403164406231689e+11 8.656812014301560059e+11
5.885885885885885727e+03 8.608199702216657715e+11 8.563661804659251709e+11
5.895895895895895592e+03 8.514996240027083740e+11 8.470516142089248047e+11
5.905905905905906366e+03 8.421792777837498779e+11 8.377374992331546631e+11
5.915915915915916230e+03 8.328589315647924805e+11 8.284238321288092041e+11
5.925925925925925185e+03 8.235385853458358154e+11 8.191106095023242188e+11
5.935935935935935959e+03 8.142182391268775635e+11 8.097978279764356689e+11
5.945945945945945823e+03 8.048978929079208984e+11 8.004854841902374268e+11
5.955955955955956597e+03 7.955775466889625244e+11 7.911735747992188721e+11
5.965965965965965552e+03 7.862572004700057373e+11 7.818620964753251953e+11
5.975975975975976326e+03 7.769368542510476074e+11 7.725510459069887695e+11
5.985985985985986190e+03 7.676165080320902100e+11 7.632404197991817627e+11
5.995995995995996054e+03 7.582961618131325684e+11 7.539302148734481201e+11
6.006006006006005919e+03 7.498028941932418213e+11 7.454545549773834229e+11
6.016016016016015783e+03 7.418610123060610352e+11 7.375353944959736328e+11
6.026026026026026557e+03 7.339191304188791504e+11 7.296166454610710449e+11
6.036036036036036421e+03 7.259772485316983643e+11 7.216983046608627930e+11
6.046046046046045376e+03 7.180353666445185547e+11 7.137803689002687988e+11
6.056056056056056150e+03 7.100934847573367920e+11 7.058628350009656982e+11
6.066066066066066014e+03 7.021516028701556396e+11 6.979456998014177246e+11
6.076076076076076788e+03 6.942097209829748535e+11 6.900289601568891602e+11
6.086086086086085743e+03 6.862678390957946777e+11 6.821126129394669189e+11
6.096096096096095607e+03 6.783259572086137695e+11 6.741966550380737305e+11
6.106106106106106381e+03 6.703840753214322510e+11 6.662810833584864502e+11
6.116116116116116245e+03 6.624421934342514648e+11 6.583658948233466797e+11
6.126126126126126110e+03 6.545003115470704346e+11 6.504510863721696777e+11
6.136136136136135974e+03 6.465584296598900146e+11 6.425366549613537598e+11
6.146146146146145838e+03 6.386165477727092285e+11 6.346225975641855469e+11
6.156156156156156612e+03 6.306746658855275879e+11 6.267089111708446045e+11
6.166166166166165567e+03 6.227327839983474121e+11 6.187955927884091797e+11
6.176176176176176341e+03 6.147909021111660156e+11 6.108826394408494873e+11
6.186186186186186205e+03 6.068490202239849854e+11 6.029700481690345459e+11
6.196196196196196070e+03 5.989071383368048096e+11 5.950578160307236328e+11
6.206206206206205934e+03 5.909652564496237793e+11 5.871459401005614014e+11
6.216216216216215798e+03 5.830233745624429932e+11 5.792344174700749512e+11
6.226226226226226572e+03 5.750814926752613525e+11 5.713232452476630859e+11
6.236236236236236437e+03 5.671396107880805664e+11 5.634124205585877686e+11
6.246246246246246301e+03 5.591977289008995361e+11 5.555019405449598389e+11
6.256256256256256165e+03 5.528154549507286377e+11 5.491528410821423340e+11
6.266266266266266030e+03 5.473689457627639771e+11 5.437407038593410034e+11
6.276276276276276803e+03 5.419224365747983398e+11 5.383289028392840576e+11
6.286286286286285758e+03 5.364759273868336182e+11 5.329174352313394165e+11
6.296296296296296532e+03 5.310294181988679810e+11 5.275062982616397705e+11
6.306306306306306396e+03 5.255829090109028931e+11 5.220954891730695801e+11
6.316316316316316261e+03 5.201363998229376221e+11 5.166850052252371216e+11
6.326326326326327035e+03 5.146898906349725342e+11 5.112748436944531250e+11
6.336336336336335989e+03 5.092433814470078125e+11 5.058650018737061157e+11
6.346346346346346763e+03 5.037968722590421143e+11 5.004554770726331177e+11
6.356356356356356628e+03 4.983503630710768433e+11 4.950462666174970703e+11
6.366366366366366492e+03 4.929038538831117554e+11 4.896373678511524048e+11
6.376376376376376356e+03 4.874573446951465454e+11 4.842287781330180664e+11
6.386386386386386221e+03 4.820108355071813965e+11 4.788204948390446777e+11
6.396396396396396995e+03 4.765643263192162476e+11 4.734125153616819458e+11
6.406406406406406859e+03 4.711178171312510376e+11 4.680048371098449707e+11
6.416416416416415814e+03 4.656713079432863770e+11 4.625974575088790283e+11
6.426426426426426588e+03 4.602247987553207397e+11 4.571903740005215454e+11
6.436436436436436452e+03 4.547782895673555298e+11 4.517835840428688354e+11
6.446446446446447226e+03 4.493317803793900146e+11 4.463770851103327637e+11
6.456456456456456181e+03 4.438852711914257202e+11 4.409708746936067505e+11
6.466466466466466045e+03 4.384387620034605713e+11 4.355649502996166382e+11
6.476476476476476819e+03 4.329922528154948730e+11 4.301593094514879150e+11
6.486486486486486683e+03 4.275457436275297241e+11 4.247539496884995728e+11
6.496496496496496547e+03 4.220992344395645752e+11 4.193488685660393677e+11
6.506506506506506412e+03 4.173548102046406250e+11 4.146350017630031738e+11
6.516516516516516276e+03 4.129884317136624756e+11 4.102934523557370605e+11
6.526526526526527050e+03 4.086220532226832275e+11 4.059521743513704834e+11
6.536536536536536005e+03 4.042556747317050171e+11 4.016111653692778931e+11
6.546546546546546779e+03 3.998892962407259521e+11 3.972704230447082520e+11
6.556556556556556643e+03 3.955229177497471924e+11 3.929299450287421265e+11
6.566566566566566507e+03 3.911565392587684326e+11 3.885897289882385864e+11
6.576576576576576372e+03 3.867901607677899170e+11 3.842497726057850952e+11
6.586586586586586236e+03 3.824237822768115234e+11 3.799100735796472778e+11
6.596596596596597010e+03 3.780574037858325195e+11 3.755706296237147217e+11
6.606606606606606874e+03 3.736910252948538208e+11 3.712314384674517212e+11
6.616616616616616739e+03 3.693246468038751221e+11 3.668924978558398438e+11
6.626626626626626603e+03 3.649582683128964233e+11 3.625538055493264160e+11
6.636636636636636467e+03 3.605918898219177246e+11 3.582153593237680664e+11
6.646646646646647241e+03 3.562255113309390869e+11 3.538771569703763428e+11
6.656656656656656196e+03 3.518591328399607544e+11 3.495391962956609497e+11
6.666666666666666970e+03 3.474927543489816895e+11 3.452014751213720093e+11
6.676676676676676834e+03 3.431263758580030518e+11 3.408639912844454346e+11
6.686686686686686699e+03 3.387599973670242920e+11 3.365267426369419556e+11
6.696696696696696563e+03 3.343936188760456543e+11 3.321897270459907227e+11
6.706706706706706427e+03 3.300272403850670166e+11 3.278529423937287598e+11
6.716716716716717201e+03 3.256608618940881958e+11 3.235163865772422485e+11
6.726726726726727065e+03 3.212944834031096191e+11 3.191800575085065308e+11
6.736736736736736020e+03 3.169281049121312866e+11 3.148439531143255615e+11
6.746746746746746794e+03 3.125617264211522827e+11 3.105080713362689209e+11
6.756756756756756658e+03 3.086860854221472168e+11 3.066545279206692505e+11
6.766766766766767432e+03 3.050467254377958984e+11 3.030333338361959229e+11
6.776776776776776387e+03 3.014073654534454956e+11 2.994123562805476074e+11
6.786786786786786251e+03 2.977680054690944214e+11 2.957915932537436523e+11
6.796796796796797025e+03 2.941286454847429810e+11 2.921710427702608643e+11
6.806806806806806890e+03 2.904892855003920288e+11 2.885507028589684448e+11
6.816816816816816754e+03 2.868499255160408936e+11 2.849305715630626831e+11
6.826826826826826618e+03 2.832105655316899414e+11 2.813106469400044556e+11
6.836836836836836483e+03 2.795712055473391724e+11 2.776909270614543457e+11
6.846846846846847257e+03 2.759318455629877319e+11 2.740714100132060547e+11
6.856856856856856211e+03 2.722924855786370544e+11 2.704520938951254578e+11
6.866866866866866985e+03 2.686531255942857361e+11 2.668329768210794067e+11
6.876876876876876850e+03 2.650137656099346619e+11 2.632140569188753662e+11
6.886886886886887623e+03 2.613744056255832520e+11 2.595953323301915283e+11
6.896896896896896578e+03 2.577350456412325745e+11 2.559768012105139465e+11
6.906906906906906443e+03 2.540956856568818359e+11 2.523584617290663147e+11
6.916916916916917216e+03 2.504563256725304871e+11 2.487403120687455444e+11
6.926926926926927081e+03 2.468169656881794128e+11 2.451223504260561523e+11
6.936936936936937855e+03 2.431776057038280945e+11 2.415045750110400391e+11
6.946946946946946809e+03 2.395382457194773254e+11 2.378869840472124634e+11
6.956956956956956674e+03 2.358988857351262817e+11 2.342695757714910278e+11
6.966966966966967448e+03 2.322595257507752380e+11 2.306523484341314392e+11
6.976976976976977312e+03 2.286201657664241943e+11 2.270353002986581116e+11
6.986986986986987176e+03 2.249808057820731201e+11 2.234184296417965088e+11
6.996996996996997041e+03 2.213414457977221069e+11 2.198017347534055481e+11
7.007007007007006905e+03 2.179723528094843140e+11 2.164563278299405518e+11
7.017017017017017679e+03 2.147190885338661499e+11 2.132272849624470215e+11
7.027027027027026634e+03 2.114658242582485352e+11 2.099984128111187744e+11
7.037037037037037408e+03 2.082125599826306458e+11 2.067697097176647949e+11
7.047047047047047272e+03 2.049592957070127563e+11 2.035411740365870056e+11
7.057057057057057136e+03 2.017060314313948669e+11 2.003128041351105042e+11
7.067067067067067001e+03 1.984527671557769775e+11 1.970845983931152954e+11
7.077077077077076865e+03 1.951995028801591492e+11 1.938565552030676270e+11
7.087087087087087639e+03 1.919462386045410156e+11 1.906286729699512939e+11
7.097097097097097503e+03 1.886929743289234009e+11 1.874009501112003479e+11
7.107107107107106458e+03 1.854397100533057861e+11 1.841733850566278076e+11
7.117117117117117232e+03 1.821864457776876221e+11 1.809459762483586731e+11
7.127127127127127096e+03 1.789331815020697327e+11 1.777187221407627563e+11
7.137137137137137870e+03 1.756799172264515686e+11 1.744916212003829041e+11
7.147147147147146825e+03 1.724266529508339844e+11 1.712646719058695984e+11
7.157157157157156689e+03 1.691733886752160950e+11 1.680378727479092407e+11
7.167167167167167463e+03 1.659201243995982056e+11 1.648112222291584778e+11
7.177177177177177327e+03 1.626668601239803467e+11 1.615847188641742249e+11
7.187187187187187192e+03 1.594135958483624573e+11 1.583583611793457642e+11
7.197197197197197056e+03 1.561603315727445679e+11 1.551321477128261414e+11
7.207207207207206920e+03 1.529070672971266785e+11 1.519060770144644470e+11
7.217217217217217694e+03 1.496538030215085144e+11 1.486801476457366638e+11
7.227227227227226649e+03 1.464005387458912048e+11 1.454543581796798401e+11
7.237237237237237423e+03 1.431472744702730103e+11 1.422287072008196106e+11
7.247247247247247287e+03 1.398940101946551819e+11 1.390031933051081848e+11
7.257257257257258061e+03 1.375751606148593140e+11 1.366996135772007141e+11
7.267267267267267016e+03 1.356107441955480652e+11 1.347458158566485291e+11
7.277277277277276880e+03 1.336463277762366943e+11 1.327921510749620209e+11
7.287287287287287654e+03 1.316819113569252930e+11 1.308386178731100616e+11
7.297297297297297519e+03 1.297174949376138916e+11 1.288852149031474762e+11
7.307307307307307383e+03 1.277530785183024902e+11 1.269319408281478271e+11
7.317317317317317247e+03 1.257886620989910736e+11 1.249787943221365967e+11
7.327327327327327112e+03 1.238242456796796875e+11 1.230257740700240326e+11
7.337337337337337885e+03 1.218598292603680878e+11 1.210728787675387726e+11
7.347347347347346840e+03 1.198954128410568695e+11 1.191201071211617432e+11
7.357357357357357614e+03 1.179309964217454834e+11 1.171674578480583191e+11
7.367367367367367478e+03 1.159665800024340668e+11 1.152149296760138245e+11
7.377377377377377343e+03 1.140021635831226501e+11 1.132625213433666687e+11
7.387387387387387207e+03 1.120377471638112335e+11 1.113102315989425354e+11
7.397397397397397071e+03 1.100733307444998474e+11 1.093580592019891052e+11
7.407407407407407845e+03 1.081089143251882629e+11 1.074060029221100311e+11
7.417417417417417710e+03 1.061444979058770294e+11 1.054540615392008514e+11
7.427427427427426665e+03 1.041800814865657959e+11 1.035022338433822021e+11
7.437437437437437438e+03 1.022156650672542267e+11 1.015505186349359589e+11
7.447447447447447303e+03 1.002512486479428406e+11 9.959891472424130249e+10
7.457457457457458077e+03 9.828683222863124084e+10 9.764742093170880127e+10
7.467467467467467031e+03 9.632241580932002258e+10 9.569603608771772766e+10
7.477477477477476896e+03 9.435799939000862122e+10 9.374475903255029297e+10
7.487487487487487670e+03 9.239358297069720459e+10 9.179358861632942200e+10
7.497497497497497534e+03 9.042916655138580322e+10 8.984252369895458984e+10
7.507507507507507398e+03 8.896544436362788391e+10 8.838472845358770752e+10
7.517517517517517263e+03 8.766862025305448914e+10 8.709142489045892334e+10
7.527527527527528036e+03 8.637179614248092651e+10 8.579822346390206909e+10
7.537537537537537901e+03 8.507497203190748596e+10 8.450512307229246521e+10
7.547547547547546856e+03 8.377814792133428955e+10 8.321212262346781921e+10
7.557557557557557629e+03 8.248132381076077271e+10 8.191922103466523743e+10
7.567567567567567494e+03 8.118449970018733215e+10 8.062641723246145630e+10
7.577577577577578268e+03 7.988767558961381531e+10 7.933371015270927429e+10
7.587587587587588132e+03 7.859085147904037476e+10 7.804109874047732544e+10
7.597597597597597087e+03 7.729402736846704102e+10 7.674858194998838806e+10
7.607607607607607861e+03 7.599720325789353943e+10 7.545615874455838013e+10
7.617617617617617725e+03 7.470037914732020569e+10 7.416382809653683472e+10
7.627627627627628499e+03 7.340355503674665833e+10 7.287158898724490356e+10
7.637637637637637454e+03 7.210673092617335510e+10 7.157944040691723633e+10
7.647647647647647318e+03 7.080990681559992981e+10 7.028738135464015198e+10
7.657657657657658092e+03 6.951308270502638245e+10 6.899541083829354858e+10
7.667667667667667956e+03 6.821625859445294952e+10 6.770352787449136353e+10
7.677677677677677821e+03 6.691943448387966919e+10 6.641173148852216339e+10
7.687687687687687685e+03 6.562261037330622864e+10 6.512002071429035187e+10
7.697697697697697549e+03 6.432578626273281097e+10 6.382839459425840759e+10
7.707707707707708323e+03 6.302896215215925598e+10 6.253685217938796234e+10
7.717717717717717278e+03 6.173213804158595276e+10 6.124539252908277893e+10
7.727727727727728052e+03 6.043531393101240540e+10 5.995401471112969208e+10
7.737737737737737916e+03 5.913848982043910980e+10 5.866271780164304352e+10
7.747747747747747781e+03 5.784166570986567688e+10 5.737150088500591278e+10
7.757757757757757645e+03 5.673579161343759155e+10 5.627531642174724579e+10
7.767767767767767509e+03 5.568535461789042664e+10 5.523580950957038116e+10
7.777777777777778283e+03 5.463491762234317780e+10 5.419637989244389343e+10
7.787787787787788147e+03 5.358448062679600525e+10 5.315702668726432800e+10
7.797797797797797102e+03 5.253404363124893951e+10 5.211774901891642761e+10
7.807807807807807876e+03 5.148360663570177460e+10 5.107854602021774292e+10
7.817817817817817740e+03 5.043316964015460968e+10 5.003941683186399078e+10
7.827827827827828514e+03 4.938273264460736084e+10 4.900036060237381744e+10
7.837837837837837469e+03 4.833229564906027222e+10 4.796137648803474426e+10
7.847847847847847333e+03 4.728185865351310730e+10 4.692246365284808350e+10
7.857857857857858107e+03 4.623142165796585083e+10 4.588362126847576141e+10
7.867867867867867972e+03 4.518098466241878510e+10 4.484484851418666840e+10
7.877877877877877836e+03 4.413054766687162018e+10 4.380614457680243683e+10
7.887887887887887700e+03 4.308011067132444763e+10 4.276750865064527130e+10
7.897897897897898474e+03 4.202967367577719879e+10 4.172893993748455811e+10
7.907907907907908339e+03 4.097923668023003387e+10 4.069043764648483276e+10
7.917917917917917293e+03 3.992879968468296051e+10 3.965200099415301514e+10
7.927927927927928067e+03 3.887836268913569641e+10 3.861362920428643036e+10
7.937937937937937932e+03 3.782792569358862305e+10 3.757532150792200470e+10
7.947947947947948705e+03 3.677748869804136658e+10 3.653707714328350830e+10
7.957957957957957660e+03 3.572705170249429321e+10 3.549889535573193359e+10
7.967967967967967525e+03 3.467661470694713593e+10 3.446077539771324921e+10
7.977977977977978298e+03 3.362617771139986801e+10 3.342271652870888138e+10
7.987987987987988163e+03 3.257574071585270691e+10 3.238471801518521881e+10
7.997997997997998027e+03 3.152530372030563354e+10 3.134677913054341507e+10
8.008008008008007891e+03 3.047486672475837708e+10 3.030889915506952667e+10
8.018018018018017756e+03 2.942442972921120453e+10 2.927107737588592148e+10
8.028028028028028530e+03 2.837399273366404343e+10 2.823331308690129471e+10
8.038038038038037485e+03 2.732355573811706161e+10 2.719560558876237106e+10
8.048048048048048258e+03 2.627311874256971359e+10 2.615795418880442047e+10
8.058058058058058123e+03 2.522268174702254868e+10 2.512035820100468445e+10
8.068068068068067987e+03 2.417224475147538376e+10 2.408281694593265915e+10
8.078078078078077851e+03 2.312180775592821884e+10 2.304532975070315933e+10
8.088088088088087716e+03 2.207137076038105392e+10 2.200789594892871475e+10
8.098098098098098490e+03 2.102093376483388519e+10 2.097051488067237473e+10
8.108108108108108354e+03 1.997049676928671646e+10 1.993318589240080643e+10
8.118118118118117309e+03 1.892005977373973846e+10 1.889590833693778992e+10
8.128128128128128083e+03 1.786962277819239044e+10 1.785868157341696548e+10
8.138138138138137947e+03 1.681918578264522552e+10 1.682150496723754692e+10
8.148148148148148721e+03 1.576874878709805679e+10 1.578437789001663589e+10
8.158158158158157676e+03 1.471831179155107880e+10 1.474729971954479790e+10
8.168168168168168449e+03 1.366787479600372505e+10 1.371026983973960304e+10
8.178178178178178314e+03 1.261743780045656013e+10 1.267328764060246849e+10
8.188188188188188178e+03 1.156700080490939522e+10 1.163635251817201805e+10
8.198198198198198952e+03 1.051656380936223030e+10 1.059946387448052216e+10
8.208208208208208816e+03 9.466126813815065384e+09 9.562621117509433746e+09
8.218218218218218681e+03 8.415689818267900467e+09 8.525823661145417213e+09
8.228228228228228545e+03 7.365252822720733643e+09 7.489070925136603355e+09
8.238238238238238409e+03 6.314815827173567772e+09 6.452362335049142838e+09
8.248248248248248274e+03 5.264378831626405716e+09 5.415697322223958015e+09
8.258258258258258138e+03 4.213941836079240799e+09 4.379075323733786583e+09
8.268268268268268002e+03 3.163504840532074451e+09 3.342495782340487003e+09
8.278278278278277867e+03 2.113067844984908581e+09 2.305958146452567577e+09
8.288288288288287731e+03 1.062630849437927842e+09 1.269461870083157778e+09
8.298298298298299414e+03 1.219385389057703875e+07 2.330064128071435094e+08
8.308308308308307460e+03 0.000000000000000000e+00 2.140695185447284281e+08
8.318318318318319143e+03 0.000000000000000000e+00 2.071223558605344296e+08
8.328328328328329007e+03 0.000000000000000000e+00 2.002144239553762972e+08
8.338338338338338872e+03 0.000000000000000000e+00 1.933452042399215996e+08
8.348348348348348736e+03 0.000000000000000000e+00 1.865141834811933935e+08
8.358358358358358601e+03 0.000000000000000000e+00 1.797208537620644271e+08
8.368368368368368465e+03 0.000000000000000000e+00 1.729826438830415905e+08
8.378378378378378329e+03 0.000000000000000000e+00 1.679371594848108590e+08
8.388388388388388194e+03 0.000000000000000000e+00 1.629278738684381545e+08
8.398398398398398058e+03 0.000000000000000000e+00 1.579542999799071550e+08
8.408408408408409741e+03 0.000000000000000000e+00 1.530159558820713758e+08
8.418418418418419606e+03 0.000000000000000000e+00 1.481123647155602574e+08
8.428428428428427651e+03 0.000000000000000000e+00 1.432430546598961353e+08
8.438438438438437515e+03 0.000000000000000000e+00 1.384075588948536217e+08
8.448448448448447380e+03 0.000000000000000000e+00 1.336054155620375872e+08
8.458458458458459063e+03 0.000000000000000000e+00 1.288361677266808748e+08
8.468468468468468927e+03 0.000000000000000000e+00 1.240993633396688700e+08
8.478478478478478792e+03 0.000000000000000000e+00 1.193945551997785270e+08
8.488488488488488656e+03 0.000000000000000000e+00 1.147213009161375314e+08
8.498498498498498520e+03 0.000000000000000000e+00 1.100791628709028959e+08
8.508508508508508385e+03 0.000000000000000000e+00 1.054677081821473539e+08
8.518518518518518249e+03 0.000000000000000000e+00 1.008865086669646651e+08
8.528528528528528113e+03 0.000000000000000000e+00 9.633514080478443205e+07
8.538538538538537978e+03 0.000000000000000000e+00 9.181318570089390874e+07
8.548548548548547842e+03 0.000000000000000000e+00 8.732022905017188191e+07
8.558558558558559525e+03 0.000000000000000000e+00 8.285586110102646053e+07
8.568568568568569390e+03 0.000000000000000000e+00 7.932389327878014743e+07
8.578578578578579254e+03 0.000000000000000000e+00 7.773682455031071603e+07
8.588588588588587299e+03 0.000000000000000000e+00 7.617714223226849735e+07
8.598598598598597164e+03 0.000000000000000000e+00 7.464445443063455820e+07
8.608608608608608847e+03 0.000000000000000000e+00 7.313837362765118480e+07
8.618618618618618711e+03 0.000000000000000000e+00 7.165851664696520567e+07
8.628628628628628576e+03 0.000000000000000000e+00 7.020450461896249652e+07
8.638638638638638440e+03 0.000000000000000000e+00 6.877596294630101323e+07
8.648648648648650124e+03 0.000000000000000000e+00 6.737252126963473856e+07
8.658658658658659988e+03 0.000000000000000000e+00 6.599381343352605402e+07
8.668668668668668033e+03 0.000000000000000000e+00 6.463947745254711807e+07
8.678678678678677898e+03 0.000000000000000000e+00 6.330915547757091373e+07
8.688688688688687762e+03 0.000000000000000000e+00 6.200249376224599779e+07
8.698698698698699445e+03 0.000000000000000000e+00 6.071914262965589017e+07
8.708708708708709310e+03 0.000000000000000000e+00 5.945875643916204572e+07
8.718718718718719174e+03 0.000000000000000000e+00 5.822099355342531949e+07
8.728728728728729038e+03 0.000000000000000000e+00 5.700551630561159551e+07
8.738738738738738903e+03 0.000000000000000000e+00 5.581199096677201241e+07
8.748748748748750586e+03 0.000000000000000000e+00 5.464008771340102702e+07
8.758758758758758631e+03 0.000000000000000000e+00 5.348948059517260641e+07
8.768768768768768496e+03 0.000000000000000000e+00 5.235984750284450501e+07
8.778778778778778360e+03 0.000000000000000000e+00 5.125087013634239137e+07
8.788788788788788224e+03 0.000000000000000000e+00 5.016223397300947458e+07
8.798798798798799908e+03 0.000000000000000000e+00 4.909362823602888733e+07
8.808808808808809772e+03 0.000000000000000000e+00 4.804474586301491410e+07
8.818818818818819636e+03 0.000000000000000000e+00 4.701528347476904839e+07
8.828828828828829501e+03 0.000000000000000000e+00 4.600494134420470893e+07
8.838838838838837546e+03 0.000000000000000000e+00 4.501342336543503404e+07
8.848848848848849229e+03 0.000000000000000000e+00 4.404043702302426845e+07
8.858858858858859094e+03 0.000000000000000000e+00 4.308569336140254140e+07
8.868868868868868958e+03 0.000000000000000000e+00 4.214890695443920046e+07
8.878878878878878822e+03 0.000000000000000000e+00 4.122979587517854571e+07
8.888888888888888687e+03 0.000000000000000000e+00 4.032808166573186964e+07
8.898898898898900370e+03 0.000000000000000000e+00 3.944348930732834339e+07
8.908908908908910234e+03 0.000000000000000000e+00 3.857574719052157551e+07
8.918918918918918280e+03 0.000000000000000000e+00 3.772458708555196226e+07
8.928928928928928144e+03 0.000000000000000000e+00 3.688974411286020279e+07
8.938938938938938009e+03 0.000000000000000000e+00 3.607095671375913918e+07
8.948948948948949692e+03 0.000000000000000000e+00 3.526796662125202268e+07
8.958958958958959556e+03 0.000000000000000000e+00 3.448051883100575954e+07
8.968968968968969421e+03 0.000000000000000000e+00 3.370836157247018069e+07
8.978978978978979285e+03 0.000000000000000000e+00 3.295124628014986962e+07
8.988988988988989149e+03 0.000000000000000000e+00 3.220892756502180547e+07
8.998998998998999014e+03 0.000000000000000000e+00 3.148116318609975278e+07
9.009009009009008878e+03 0.000000000000000000e+00 3.076771402214637399e+07
9.019019019019018742e+03 0.000000000000000000e+00 3.006834404352866113e+07
9.029029029029028607e+03 0.000000000000000000e+00 2.938282028421860933e+07
9.039039039039038471e+03 0.000000000000000000e+00 2.871091281393719465e+07
9.049049049049050154e+03 0.000000000000000000e+00 2.805239471044095978e+07
9.059059059059060019e+03 0.000000000000000000e+00 2.740704203194990009e+07
9.069069069069069883e+03 0.000000000000000000e+00 2.677463378971732408e+07
9.079079079079077928e+03 0.000000000000000000e+00 2.615495192073901370e+07
9.089089089089087793e+03 0.000000000000000000e+00 2.554778126060213894e+07
9.099099099099099476e+03 0.000000000000000000e+00 2.495290951647395641e+07
9.109109109109109340e+03 0.000000000000000000e+00 2.437012724022705480e+07
9.119119119119119205e+03 0.000000000000000000e+00 2.379922780170337483e+07
9.129129129129129069e+03 0.000000000000000000e+00 2.324000736211437359e+07
9.139139139139138933e+03 0.000000000000000000e+00 2.269226484757738560e+07
9.149149149149150617e+03 0.000000000000000000e+00 2.215580192278850451e+07
9.159159159159158662e+03 0.000000000000000000e+00 2.163042296482962370e+07
9.169169169169168526e+03 0.000000000000000000e+00 2.111593503710987791e+07
9.179179179179178391e+03 0.000000000000000000e+00 2.061214786344188824e+07
9.189189189189188255e+03 0.000000000000000000e+00 2.011887380225117132e+07
9.199199199199199938e+03 0.000000000000000000e+00 1.963592782091811672e+07
9.209209209209209803e+03 0.000000000000000000e+00 1.916312747025401890e+07
9.219219219219219667e+03 0.000000000000000000e+00 1.870029285910648853e+07
9.229229229229229531e+03 0.000000000000000000e+00 1.824724662910002470e+07
9.239239239239237577e+03 0.000000000000000000e+00 1.780381392950519174e+07
9.249249249249249260e+03 0.000000000000000000e+00 1.736982239224029332e+07
9.259259259259259125e+03 0.000000000000000000e+00 1.694510210700328648e+07
9.269269269269268989e+03 0.000000000000000000e+00 1.652948559653383493e+07
9.279279279279278853e+03 0.000000000000000000e+00 1.612280779200599715e+07
9.289289289289288718e+03 0.000000000000000000e+00 1.572490600854964554e+07
9.299299299299300401e+03 0.000000000000000000e+00 1.533561992090246268e+07
9.309309309309310265e+03 0.000000000000000000e+00 1.495479153919090517e+07
9.319319319319318311e+03 0.000000000000000000e+00 1.458226518483981676e+07
9.329329329329328175e+03 0.000000000000000000e+00 1.421788746661096811e+07
9.339339339339339858e+03 0.000000000000000000e+00 1.386150725677112862e+07
9.349349349349349723e+03 0.000000000000000000e+00 1.351297566738761403e+07
9.359359359359359587e+03 0.000000000000000000e+00 1.317214602675266936e+07
9.369369369369369451e+03 0.000000000000000000e+00 1.283887385593613796e+07
9.379379379379379316e+03 0.000000000000000000e+00 1.251301684546629712e+07
9.389389389389390999e+03 0.000000000000000000e+00 1.219443483213876188e+07
9.399399399399399044e+03 0.000000000000000000e+00 1.188298977595359460e+07
9.409409409409408909e+03 0.000000000000000000e+00 1.157854573717947491e+07
9.419419419419418773e+03 0.000000000000000000e+00 1.128096885354749300e+07
9.429429429429428637e+03 0.000000000000000000e+00 1.099012731757132523e+07
9.439439439439440321e+03 0.000000000000000000e+00 1.070589135399610177e+07
9.449449449449450185e+03 0.000000000000000000e+00 1.042813319737507403e+07
9.459459459459460049e+03 0.000000000000000000e+00 1.015672706977413595e+07
9.469469469469469914e+03 0.000000000000000000e+00 9.891549158604655415e+06
9.479479479479479778e+03 0.000000000000000000e+00 9.632477594584068283e+06
9.489489489489489642e+03 0.000000000000000000e+00 9.379392429824898019e+06
9.499499499499499507e+03 0.000000000000000000e+00 9.132175616051871330e+06
9.509509509509509371e+03 0.000000000000000000e+00 8.890710982947390527e+06
9.519519519519519235e+03 0.000000000000000000e+00 8.654884216625597328e+06
9.529529529529529100e+03 0.000000000000000000e+00 8.424582838234947994e+06
9.539539539539540783e+03 0.000000000000000000e+00 8.199696182689416222e+06
9.549549549549550647e+03 0.000000000000000000e+00 7.980115377528928220e+06
9.559559559559560512e+03 0.000000000000000000e+00 7.765733321908291429e+06
9.569569569569568557e+03 0.000000000000000000e+00 7.556444665715686046e+06
9.579579579579578422e+03 0.000000000000000000e+00 7.352145788820599206e+06
9.589589589589590105e+03 0.000000000000000000e+00 7.152734780451198108e+06
9.599599599599599969e+03 0.000000000000000000e+00 6.958111418701519258e+06
9.609609609609609834e+03 0.000000000000000000e+00 6.768177150168369524e+06
9.619619619619619698e+03 0.000000000000000000e+00 6.582835069718866609e+06
9.629629629629629562e+03 0.000000000000000000e+00 6.401989900388096459e+06
9.639639639639641246e+03 0.000000000000000000e+00 6.225547973407310434e+06
9.649649649649649291e+03 0.000000000000000000e+00 6.053417208363492042e+06
9.659659659659659155e+03 0.000000000000000000e+00 5.885507093489074148e+06
9.669669669669669020e+03 0.000000000000000000e+00 5.721728666084163822e+06
9.679679679679678884e+03 0.000000000000000000e+00 5.561994493069363758e+06
9.689689689689690567e+03 0.000000000000000000e+00 5.406218651670804247e+06
9.699699699699700432e+03 0.000000000000000000e+00 5.254316710237536579e+06
9.709709709709710296e+03 0.000000000000000000e+00 5.106205709190628491e+06
9.719719719719720160e+03 0.000000000000000000e+00 4.961804142105511390e+06
9.729729729729728206e+03 0.000000000000000000e+00 4.821031936926715076e+06
9.739739739739739889e+03 0.000000000000000000e+00 4.683810437315725721e+06
9.749749749749749753e+03 0.000000000000000000e+00 4.550062384132705629e+06
9.759759759759759618e+03 0.000000000000000000e+00 4.419711897051244974e+06
9.769769769769769482e+03 0.000000000000000000e+00 4.292684456307261251e+06
9.779779779779779346e+03 0.000000000000000000e+00 4.168906884582186583e+06
9.789789789789791030e+03 0.000000000000000000e+00 4.048307329020212404e+06
9.799799799799800894e+03 0.000000000000000000e+00 3.930815243380643427e+06
9.809809809809808939e+03 0.000000000000000000e+00 3.816361370324773714e+06
9.819819819819818804e+03 0.000000000000000000e+00 3.704877723838065751e+06
9.829829829829828668e+03 0.000000000000000000e+00 3.596297571787803434e+06
9.839839839839840351e+03 0.000000000000000000e+00 3.490555418616416864e+06
9.849849849849850216e+03 0.000000000000000000e+00 3.387586988170549739e+06
9.859859859859860080e+03 0.000000000000000000e+00 3.287329206666272599e+06
9.869869869869869945e+03 0.000000000000000000e+00 3.189720185790910851e+06
9.879879879879879809e+03 0.000000000000000000e+00 3.094699205940927844e+06
9.889889889889889673e+03 0.000000000000000000e+00 3.002206699597199447e+06
9.899899899899899538e+03 0.000000000000000000e+00 2.912184234836766496e+06
9.909909909909909402e+03 0.000000000000000000e+00 2.824574498982039746e+06
9.919919919919919266e+03 0.000000000000000000e+00 2.739321282387377229e+06
9.929929929929930950e+03 0.000000000000000000e+00 2.656369462363099679e+06
9.939939939939940814e+03 0.000000000000000000e+00 2.575664987237394322e+06
9.949949949949950678e+03 0.000000000000000000e+00 2.497154860555888619e+06
9.959959959959960543e+03 0.000000000000000000e+00 2.420787125419616699e+06
9.969969969969968588e+03 0.000000000000000000e+00 2.346510848960906267e+06
9.979979979979980271e+03 0.000000000000000000e+00 2.274276106957587879e+06
9.989989989989990136e+03 0.000000000000000000e+00 2.204033968586032279e+06
1.000000000000000000e+04 0.000000000000000000e+00 2.135736481312180404e+06
