# # Recoil Energy (eV), Zn Diff Rate (events/kg/day/eV), Ge Diff Rate (events/kg/day/eV)
1.000000000000000000e+00 2.044703967073937534e-01 2.696811194803994116e-01
1.006938631476027579e+00 2.043908777246853659e-01 2.695703414556532840e-01
1.013925407558815106e+00 2.043111038152594650e-01 2.694592099358172343e-01
1.020960662306046762e+00 2.042310742371822863e-01 2.693477239050034444e-01
1.028044732093309266e+00 2.041507882469622004e-01 2.692358823452757899e-01
1.035177955630176339e+00 2.040702450995499351e-01 2.691236842366513948e-01
1.042360673976401531e+00 2.039894440483397131e-01 2.690111285571019084e-01
1.049593230558227397e+00 2.039083843451696132e-01 2.688982142825563915e-01
1.056875971184804142e+00 2.038270652403223471e-01 2.687849403869023157e-01
1.064209244064724169e+00 2.037454859825262865e-01 2.686713058419881728e-01
1.071593399822671211e+00 2.036636458189560461e-01 2.685573096176251395e-01
1.079028791516184027e+00 2.035815439952333716e-01 2.684429506815896316e-01
1.086515774652538235e+00 2.034991797554282222e-01 2.683282279996253017e-01
1.094054707205742716e+00 2.034165523420597421e-01 2.682131405354451492e-01
1.101645949633656585e+00 2.033336609960971486e-01 2.680976872507342956e-01
1.109289864895222744e+00 2.032505049569605093e-01 2.679818671051521495e-01
1.116986818467823106e+00 2.031670834625227406e-01 2.678656790563347934e-01
1.124737178364751733e+00 2.030833957491098019e-01 2.677491220598981481e-01
1.132541315152811867e+00 2.029994410515024994e-01 2.676321950694396934e-01
1.140399601970032650e+00 2.029152186029374028e-01 2.675148970365419654e-01
1.148312414543511073e+00 2.028307276351083988e-01 2.673972269107751654e-01
1.156280131207375828e+00 2.027459673781679683e-01 2.672791836396995468e-01
1.164303132920876616e+00 2.026609370607284077e-01 2.671607661688695234e-01
1.172381803286598911e+00 2.025756359098635218e-01 2.670419734418351676e-01
1.180516528568805068e+00 2.024900631511099280e-01 2.669228044001468736e-01
1.188707697711903322e+00 2.024042180084690001e-01 2.668032579833569673e-01
1.196955702359043361e+00 2.023180997044077833e-01 2.666833331290247022e-01
1.205260936870842459e+00 2.022317074598614650e-01 2.665630287727179248e-01
1.213623798344240834e+00 2.021450404942344015e-01 2.664423438480176820e-01
1.222044686631488242e+00 2.020580980254022829e-01 2.663212772865211631e-01
1.230524004359261570e+00 2.019708792697139099e-01 2.661998280178456966e-01
1.239062156947916327e+00 2.018833834419926643e-01 2.660779949696318036e-01
1.247659552630869584e+00 2.017956097555392847e-01 2.659557770675475830e-01
1.256316602474120581e+00 2.017075574221328937e-01 2.658331732352924304e-01
1.265033720395903449e+00 2.016192256520337456e-01 2.657101823946004804e-01
1.273811323186478495e+00 2.015306136539849746e-01 2.655868034652455467e-01
1.282649830528060475e+00 2.014417206352147605e-01 2.654630353650439534e-01
1.291549665014883885e+00 2.013525458014386593e-01 2.653388770098599747e-01
1.300511252173409016e+00 2.012630883568620743e-01 2.652143273136092771e-01
1.309535020482667234e+00 2.011733475041819208e-01 2.650893851882639707e-01
1.318621401394748593e+00 2.010833224445896517e-01 2.649640495438561061e-01
1.327770829355429782e+00 2.009930123777736721e-01 2.648383192884833370e-01
1.336983741824946392e+00 2.009024165019214769e-01 2.647121933283126949e-01
1.346260579298910187e+00 2.008115340137221205e-01 2.645856705675855292e-01
1.355601785329368481e+00 2.007203641083697421e-01 2.644587499086230031e-01
1.365007806546014058e+00 2.006289059795652585e-01 2.643314302518298686e-01
1.374479092677537428e+00 2.005371588195195842e-01 2.642037104957002946e-01
1.384016096573131405e+00 2.004451218189565453e-01 2.640755895368227524e-01
1.393619274224142446e+00 2.003527941671152113e-01 2.639470662698850667e-01
1.403289084785872776e+00 2.002601750517536416e-01 2.638181395876799118e-01
1.413025990599533932e+00 2.001672636591513565e-01 2.636888083811103067e-01
1.422830457214352640e+00 2.000740591741123897e-01 2.635590715391948335e-01
1.432702953409830782e+00 1.999805607799687579e-01 2.634289279490730773e-01
1.442643951218157694e+00 1.998867676585834030e-01 2.632983764960121209e-01
1.452653925946780777e+00 1.997926789903536060e-01 2.631674160634111526e-01
1.462733356201129986e+00 1.996982939542142621e-01 2.630360455328087932e-01
1.472882723907502633e+00 1.996036117276412114e-01 2.629042637838875374e-01
1.483102514336104294e+00 1.995086314866550137e-01 2.636241033108533416e-01
1.493393216124252243e+00 1.994133524058241402e-01 2.634960847437616271e-01
1.503755321299738101e+00 1.993177736582688042e-01 2.633676663260022810e-01
1.514189325304352129e+00 1.992218944156645688e-01 2.632388469687647614e-01
1.524695727017573832e+00 1.991257138482462608e-01 2.631096255814368012e-01
1.535275028780422657e+00 1.990292311248114954e-01 2.629800010716110692e-01
1.545927736419477450e+00 1.989324454127248676e-01 2.628499723450917758e-01
1.556654359271061550e+00 1.988353558779218377e-01 2.627195383059011125e-01
1.567455410205595312e+00 1.987379616849127006e-01 2.625886978562865237e-01
1.578331405652117381e+00 1.986402619967867766e-01 2.624574498967268688e-01
1.589282865622977825e+00 1.985422559752167138e-01 2.623257933259404706e-01
1.600310313738700696e+00 1.984439427804625677e-01 2.621937270408910003e-01
1.611414277253019556e+00 1.983453215713761875e-01 2.620612704773562784e-01
1.622595287078087534e+00 1.982463915054057668e-01 2.619284185984678825e-01
1.633853877809861244e+00 1.981471517386003689e-01 2.617951538075758977e-01
1.645190587753662559e+00 1.986889053492506552e-01 2.616614749950726404e-01
1.656605958949914248e+00 1.985924993697883445e-01 2.615273810496341333e-01
1.668100537200058797e+00 1.984957922504238248e-01 2.613928708582282101e-01
1.679674872092653537e+00 1.983987831709415339e-01 2.612579433061220646e-01
1.691329517029648066e+00 1.983014713097668580e-01 2.611225972768904668e-01
1.703065029252844420e+00 1.982038558439713216e-01 2.609868316524238119e-01
1.714881969870539757e+00 1.981059359492773342e-01 2.608506453129360581e-01
1.726780903884355567e+00 1.980077108000634911e-01 2.607140371369731646e-01
1.738762400216250725e+00 1.979091795693696809e-01 2.605770060014215850e-01
1.750827031735724404e+00 1.978103414289017481e-01 2.604395507815165933e-01
1.762975375287205715e+00 1.977111955490374329e-01 2.603016703508511664e-01
1.775208011717634982e+00 1.976117410988313672e-01 2.601633635813840884e-01
1.787525525904235080e+00 1.975119863469544101e-01 2.600246293434497757e-01
1.799928506782476845e+00 1.974119402338503637e-01 2.598854665057661606e-01
1.812417547374236992e+00 1.973115831414236909e-01 2.597458739354452373e-01
1.824993244816152327e+00 1.972109142337714061e-01 2.596058504980001680e-01
1.837656200388171124e+00 1.971099326736955037e-01 2.594653950573568291e-01
1.850407019542301690e+00 1.970086376227098701e-01 2.593245064758614160e-01
1.863246311931560317e+00 1.969070282410449735e-01 2.591831836142914902e-01
1.876174691439120634e+00 1.968051036876549420e-01 2.590414253318645277e-01
1.889192776207666347e+00 1.967028631202226707e-01 2.588992304862482441e-01
1.902301188668944487e+00 1.966003056951667327e-01 2.587565979335704758e-01
1.915500555573527608e+00 1.964974305676470134e-01 2.586135265284291718e-01
1.928791508020778256e+00 1.963942368915713999e-01 2.584700151239027743e-01
1.942174681489025723e+00 1.962907238196021087e-01 2.583260625715599335e-01
1.955650715865949074e+00 1.961868905031619037e-01 2.581816677214706091e-01
1.969220255479172232e+00 1.960827360924409513e-01 2.580368294222161740e-01
1.982883949127071110e+00 1.959782597364033152e-01 2.578915465209005720e-01
1.996642450109793909e+00 1.958734605827940345e-01 2.577461806916313547e-01
2.010496416260498354e+00 1.957683377781451461e-01 2.576009901512244515e-01
2.024446509976803643e+00 1.956628904677836234e-01 2.574553547062802261e-01
2.038493398252463340e+00 1.955571177958374540e-01 2.573092732070824673e-01
2.052637752709252084e+00 1.954510189052434954e-01 2.571627445025076453e-01
2.066880249629082567e+00 1.953445929377541357e-01 2.570157674400362913e-01
2.081221569986338338e+00 1.952378390339447045e-01 2.568683408657643219e-01
2.095662399480433091e+00 1.951307563332210504e-01 2.567204636244149740e-01
2.110203428568595552e+00 1.950233439738266739e-01 2.565721345593502400e-01
2.124845352498882622e+00 1.949156010928505267e-01 2.564233525125834690e-01
2.139588871343422127e+00 1.948075268262343673e-01 2.562741163247905241e-01
2.154434690031883814e+00 1.946991203087810041e-01 2.561244248353225506e-01
2.169383518385184395e+00 1.945903806741616504e-01 2.559742768822182435e-01
2.184436071149427505e+00 1.944813070549240019e-01 2.558236713022162268e-01
2.199593068030074594e+00 1.943718985825002021e-01 2.556726069307677651e-01
2.214855233726359618e+00 1.942622586972249099e-01 2.555210826020491988e-01
2.230223297965937768e+00 1.941529196826135562e-01 2.553690971489753769e-01
2.245697995539774450e+00 1.940432455860809369e-01 2.552166494032122035e-01
2.261280066337278516e+00 1.939332355414455089e-01 2.550637381951901261e-01
2.276970255381679742e+00 1.938228886814633289e-01 2.549103623541172370e-01
2.292769312865649223e+00 1.937122041378364357e-01 2.547565207079929839e-01
2.308677994187168903e+00 1.936011810412216760e-01 2.546022120836214930e-01
2.324697059985648018e+00 1.934898185212392818e-01 2.544474353066258354e-01
2.340827276178293115e+00 1.933781157064816680e-01 2.542921892014611829e-01
2.357069413996727647e+00 1.932660717245226756e-01 2.541364725914294631e-01
2.373424250023866922e+00 1.931536857019263975e-01 2.539802842986935150e-01
2.389892566231049731e+00 1.930409567642564217e-01 2.538236231442911883e-01
2.406475150015424447e+00 1.929278840360851011e-01 2.536664879481501100e-01
2.423172794237599348e+00 1.928144666410028796e-01 2.535088775291021168e-01
2.439986297259550074e+00 1.927007037016279511e-01 2.533395330263354950e-01
2.456916462982790872e+00 1.925865943396154745e-01 2.531652700421000990e-01
2.473964100886813622e+00 1.924721376756677871e-01 2.529904812232665612e-01
2.491130026067788883e+00 1.923573328295436757e-01 2.528151652845356812e-01
2.508415059277540049e+00 1.922421789200686182e-01 2.526393209397502226e-01
2.525820026962784404e+00 1.921266750651448585e-01 2.524629469019142869e-01
2.543345761304649066e+00 1.920108203817612047e-01 2.522860418832130747e-01
2.560993100258458721e+00 1.918946139860033817e-01 2.521086045950335919e-01
2.578762887593801345e+00 1.917780549930646339e-01 2.519306337479846336e-01
2.596655972934871048e+00 1.916611425172560779e-01 2.517521280519174343e-01
2.614673211801091579e+00 1.915438756720167501e-01 2.515730862159464842e-01
2.632815465648020936e+00 1.914262535699251810e-01 2.513935069484705687e-01
2.651083601908538423e+00 1.913082753227095811e-01 2.512133889571939172e-01
2.669478494034321248e+00 1.911899400412587768e-01 2.510327309491475756e-01
2.688001021537606228e+00 1.910712468356337013e-01 2.508515316307108334e-01
2.706652070033241486e+00 1.909464064855536380e-01 2.506697897076333725e-01
2.725432531281029025e+00 1.908151724065751953e-01 2.504875038850571944e-01
2.744343303228364839e+00 1.906835422801835267e-01 2.503046728675382138e-01
2.763385290053170351e+00 1.905515151379284511e-01 2.501212953590696841e-01
2.782559402207124499e+00 1.904190900107093076e-01 2.499373700631039585e-01
2.801866556459195134e+00 1.902862659287899438e-01 2.497528956825760538e-01
2.821307675939471959e+00 1.901530419218140089e-01 2.495678709199260215e-01
2.840883690183303223e+00 1.900194170188197473e-01 2.493822944771227346e-01
2.860595535175742388e+00 1.898853902482557365e-01 2.491961650556871466e-01
2.880444153396296336e+00 1.897509606379958746e-01 2.490094813567158283e-01
2.900430493863991543e+00 1.896161272153555344e-01 2.488222420809054203e-01
2.920555512182746227e+00 1.894808890071067176e-01 2.486344459285761144e-01
2.940820170587063132e+00 1.893452450394947084e-01 2.484460915996965225e-01
2.961225437988034948e+00 1.892091943382535058e-01 2.482571777939079349e-01
2.981772290019672145e+00 1.890727359286226428e-01 2.480677032105494673e-01
3.002461709085549213e+00 1.889358688353629800e-01 2.478776665486826236e-01
3.023294684405777311e+00 1.887985920827736364e-01 2.476870665071167765e-01
3.044272212064301986e+00 1.886609046947086143e-01 2.474959017844348685e-01
3.065395295056527303e+00 1.885228056945937036e-01 2.473041710790188641e-01
3.086664943337273481e+00 1.883842941054432174e-01 2.471118730890754234e-01
3.108082173869064047e+00 1.882453689498777283e-01 2.469190065126627420e-01
3.129648010670751823e+00 1.881060292501408049e-01 2.467255700477164748e-01
3.151363484866478437e+00 1.879662740281168309e-01 2.465315623920762422e-01
3.173229634734977100e+00 1.878261023053486301e-01 2.463369822435130252e-01
3.195247505759212014e+00 1.876855131030553403e-01 2.461418282997557272e-01
3.217418150676371713e+00 1.875445054421501223e-01 2.459460992585187356e-01
3.239742629528197249e+00 1.874030783432587555e-01 2.457497938175296492e-01
3.262222009711669202e+00 1.872612308267375403e-01 2.455529106745567847e-01
3.284857366030044634e+00 1.871189619126919501e-01 2.453554485274374308e-01
3.307649780744240875e+00 1.869762706209956715e-01 2.451594473644634897e-01
3.330600343624588788e+00 1.868331559713084233e-01 2.449629716342064667e-01
3.353710152002930656e+00 1.866896169830959684e-01 2.447659195067756477e-01
3.376980310825090648e+00 1.865456526756489042e-01 2.445683309569679498e-01
3.400411932703706785e+00 1.864012620681016752e-01 2.443702204762605579e-01
3.424006137971423946e+00 1.862564441794527237e-01 2.441715300487833917e-01
3.447764054734464345e+00 1.861111980285834744e-01 2.439722583891832663e-01
3.471686818926561280e+00 1.859655226342787626e-01 2.437724042123957102e-01
3.495775574363274352e+00 1.858194170152465963e-01 2.435719662336749691e-01
3.520031472796679939e+00 1.856728801901381676e-01 2.433709431686239266e-01
3.544455673970434706e+00 1.855259111775687253e-01 2.431693337332237470e-01
3.569049345675229468e+00 1.853785089961376420e-01 2.429671366438651836e-01
3.593813663804627634e+00 1.852306726644495360e-01 2.427643506173787491e-01
3.618749812411279354e+00 1.850824012011349218e-01 2.425611606252617569e-01
3.643858983763545556e+00 1.849336936248713870e-01 2.423574292772418814e-01
3.669142378402493243e+00 1.847857184440114264e-01 2.421531058915465384e-01
3.694601205199302463e+00 1.846377535611475607e-01 2.419481891891002712e-01
3.720236681413067625e+00 1.844893545273529056e-01 2.417426953304667170e-01
3.746050032748991843e+00 1.843405345926021621e-01 2.415366164282996830e-01
3.772042493416998266e+00 1.841913383743016830e-01 2.413299404658298397e-01
3.798215306190735330e+00 1.840417053298454286e-01 2.411226661668288695e-01
3.824569722466999000e+00 1.838916344905456857e-01 2.409147922557990928e-01
3.851107002325570683e+00 1.837411248879276537e-01 2.407063174580073017e-01
3.877828414589456152e+00 1.835901755537512337e-01 2.404972404995177060e-01
3.904735236885561012e+00 1.834387855200340922e-01 2.402875601072259615e-01
3.931828755705769396e+00 1.832869538190737557e-01 2.400772750088933094e-01
3.959110266468458761e+00 1.831346794834710912e-01 2.398663839331810765e-01
3.986581073580440560e+00 1.829819615461531213e-01 2.396548856096846203e-01
4.014242490499320581e+00 1.828288988206038523e-01 2.394427787689691611e-01
4.042095839796306933e+00 1.826754688031535512e-01 2.392300621426045049e-01
4.070142453219437684e+00 1.825215928468063575e-01 2.390167344631997648e-01
4.098383671757261482e+00 1.823672699875526770e-01 2.388027944644405265e-01
4.126820845702954266e+00 1.822125075513784942e-01 2.385882408811236255e-01
4.155455334718875626e+00 1.820573092838376483e-01 2.383730798315339128e-01
4.184288507901581688e+00 1.819016612918770148e-01 2.381573173598799109e-01
4.213321743847288303e+00 1.817455626136101066e-01 2.379409375840222385e-01
4.242556430717777438e+00 1.815890122876951118e-01 2.377239392437500431e-01
4.271993966306778745e+00 1.814320093533606237e-01 2.375063210801485192e-01
4.301635758106795215e+00 1.812745528504305648e-01 2.372880818356362387e-01
4.331483223376399572e+00 1.811166418193493055e-01 2.370692202540037041e-01
4.361537789208004945e+00 1.809582753012078660e-01 2.368497350804508461e-01
4.391800892596085859e+00 1.807994523377695062e-01 2.366296250616261310e-01
4.422273980505899260e+00 1.806401719714957610e-01 2.364088889456651410e-01
4.452958509942654963e+00 1.804804332455725302e-01 2.361875254822297099e-01
4.483855948021187032e+00 1.803202352039367240e-01 2.359655334225474188e-01
4.514967772036100335e+00 1.801595768913029361e-01 2.357431751532849118e-01
4.546295469532399380e+00 1.799984573531902832e-01 2.355208053897221154e-01
4.577840538376618973e+00 1.798368756359492449e-01 2.352978059581131154e-01
4.609604486828433600e+00 1.796748325613676533e-01 2.350741756223230783e-01
4.641588833612778409e+00 1.795123402498190190e-01 2.348499131479784008e-01
4.673795107992462228e+00 1.793493829553710617e-01 2.346250173025078989e-01
4.706224849841281532e+00 1.791859597281110772e-01 2.343994868551840804e-01
4.738879609717653096e+00 1.790220696190968075e-01 2.341733205771648063e-01
4.771760948938745805e+00 1.788577116803841960e-01 2.339465285964726082e-01
4.804870439655130276e+00 1.786928849650562812e-01 2.337192316314938290e-01
4.838209664925956055e+00 1.785275885272522567e-01 2.334912956116690919e-01
4.871780218794632411e+00 1.783618214221957265e-01 2.332627193172941704e-01
4.905583706365048258e+00 1.781955827062246533e-01 2.330335015307634927e-01
4.939621743878320537e+00 1.780288714368202796e-01 2.328036410366135234e-01
4.973895958790063965e+00 1.778616866726369372e-01 2.325731366215663121e-01
5.008407989848211450e+00 1.776940745316393233e-01 2.323419870745734861e-01
5.043159487171360311e+00 1.775266051017607982e-01 2.321101911868604095e-01
5.078152112327673606e+00 1.773586613675161017e-01 2.318777477519713692e-01
5.113387538414325917e+00 1.771902423970564133e-01 2.316446555658136786e-01
5.148867450137493584e+00 1.770213472598533566e-01 2.314109134267033074e-01
5.184593543892911605e+00 1.768519750267298352e-01 2.311765201354103461e-01
5.220567527846976752e+00 1.766821247698910358e-01 2.309414744952051068e-01
5.256791122018421802e+00 1.765117955629554869e-01 2.307057753119037269e-01
5.293266058360561743e+00 1.763409864809870609e-01 2.304694213939154912e-01
5.329994080844088877e+00 1.761697892615323169e-01 2.302324115522886294e-01
5.366976945540474553e+00 1.759981269332706044e-01 2.299947726572926510e-01
5.404216420705916235e+00 1.758259823044456827e-01 2.297565169667195872e-01
5.441714286865890315e+00 1.756533544571072247e-01 2.295176020179844900e-01
5.479472336900286678e+00 1.754802424749120071e-01 2.292780266337288431e-01
5.517492376129125908e+00 1.753066454431559951e-01 2.290377896394731883e-01
5.555776222398876030e+00 1.751325624488080657e-01 2.287968898636654480e-01
5.594325706169378520e+00 1.749579925805428982e-01 2.285553261377304690e-01
5.633142670601354318e+00 1.747829349287747247e-01 2.283130972961189276e-01
5.672228971644543094e+00 1.746073885856911367e-01 2.280702021763575948e-01
5.711586478126432276e+00 1.744313526452869745e-01 2.278266396190986587e-01
5.751217071841612238e+00 1.742548262033986606e-01 2.275824084681709603e-01
5.791122647641759436e+00 1.740778083577388946e-01 2.273375075706301485e-01
5.831305113526221717e+00 1.739002982079309867e-01 2.270919357768099167e-01
5.871766390733255570e+00 1.737222948555441904e-01 2.268456919403733785e-01
5.912508413831877974e+00 1.735437974041286746e-01 2.265987749183648314e-01
5.953533130814368413e+00 1.733648141643569229e-01 2.263511835712619380e-01
5.994842503189410365e+00 1.731853782127178443e-01 2.261029167630278502e-01
6.036438506075866961e+00 1.730054456476402824e-01 2.258539733611641120e-01
6.078323128297229871e+00 1.728250155813781663e-01 2.256043522367638388e-01
6.120498372476699700e+00 1.726440871283465295e-01 2.253541008040783888e-01
6.162966255132940496e+00 1.724626594051582029e-01 2.251031899994118957e-01
6.205728806776502182e+00 1.722807315306608134e-01 2.248515983181864353e-01
6.248788072006891348e+00 1.720983026259739479e-01 2.245993246469037419e-01
6.292146109610343707e+00 1.719153718145264576e-01 2.243463678759275159e-01
6.335804992658251145e+00 1.717319382220942325e-01 2.240927268995389909e-01
6.379766808606280648e+00 1.715480009768381719e-01 2.238384006159917783e-01
6.424033659394192242e+00 1.713635592093421534e-01 2.235833879275683500e-01
6.468607661546325716e+00 1.711786120526516963e-01 2.233276877406357719e-01
6.513490946272802340e+00 1.709931586423124039e-01 2.230712989657023249e-01
6.558685659571431792e+00 1.708071981164091258e-01 2.228142205174748480e-01
6.604193962330303869e+00 1.706207296156049269e-01 2.225564513149154156e-01
6.650018030431120053e+00 1.704337522831806395e-01 2.223040120029833311e-01
6.696160054853220522e+00 1.702462652650745811e-01 2.220518464864909836e-01
6.742622241778342129e+00 1.700582677099223838e-01 2.217990057114248847e-01
6.789406812696109128e+00 1.698697834821021879e-01 2.215454886338720231e-01
6.836516004510237110e+00 1.696808143751400988e-01 2.212913032086258336e-01
6.883952069645498106e+00 1.694913323522583004e-01 2.210364405435720214e-01
6.931717276155406005e+00 1.693013365736669718e-01 2.207808985005698388e-01
6.979813907830660469e+00 1.691108262024776931e-01 2.205246760532276196e-01
7.028244264308349365e+00 1.689198004047444412e-01 2.202677721796597321e-01
7.077010661181887485e+00 1.687282583495053889e-01 2.200101858625441720e-01
7.126115430111747528e+00 1.685361992088250660e-01 2.197519160891807932e-01
7.175560918936926491e+00 1.683436221578366587e-01 2.194929618515499281e-01
7.225349491787214085e+00 1.681505263747843093e-01 2.192333221463708681e-01
7.275483529196228538e+00 1.679569110410663868e-01 2.189729959751613719e-01
7.325965428215230446e+00 1.677627753412779810e-01 2.187119823442967848e-01
7.376797602527732423e+00 1.675714567466841109e-01 2.184502802650702125e-01
7.427982482564916111e+00 1.673815411384988738e-01 2.181878887537527234e-01
7.479522515621821022e+00 1.671911168362258671e-01 2.179248068316535503e-01
7.531420165974371805e+00 1.670001830524437125e-01 2.176610335251814854e-01
7.583677914997190683e+00 1.668087440421659462e-01 2.173965678659055822e-01
7.636298261282243871e+00 1.666167965762897774e-01 2.171314088906172168e-01
7.689283720758311347e+00 1.664243373089811517e-01 2.168655556413920660e-01
7.742636826811269302e+00 1.662313654659839657e-01 2.165990071656522520e-01
7.796360130405233235e+00 1.660378802764275186e-01 2.163317625162286539e-01
7.850456200204509294e+00 1.658438809728707553e-01 2.160638207514248565e-01
7.904927622696422240e+00 1.656493667913454537e-01 2.157951809350797945e-01
7.959777002314983640e+00 1.654543369714005230e-01 2.155258421366315347e-01
8.015006961565404708e+00 1.652587907561459957e-01 2.152561740558275871e-01
8.070620141149502658e+00 1.650627273922977700e-01 2.149861524592842354e-01
8.126619200091946382e+00 1.648661461302224351e-01 2.147154312084475214e-01
8.183006815867392092e+00 1.646690462239820130e-01 2.144440093997822816e-01
8.239785684528516896e+00 1.644714269313795607e-01 2.141718861356645687e-01
8.296958520834905926e+00 1.642732875140046067e-01 2.138990605244479037e-01
8.354528058382866718e+00 1.640746272372790027e-01 2.136252845112697196e-01
8.412497049736117560e+00 1.638754453705029701e-01 2.133507389915338670e-01
8.470868266557404880e+00 1.636757411869018686e-01 2.130754876320483382e-01
8.529644499741023012e+00 1.634755139636721033e-01 2.127995295646609719e-01
8.588828559546252350e+00 1.632747629820286428e-01 2.125237300047620181e-01
8.648423275731722981e+00 1.630734875272519813e-01 2.122472256960575010e-01
8.708431497690723333e+00 1.628716868887354896e-01 2.119700146316123301e-01
8.768856094587428984e+00 1.626693603600332938e-01 2.116920959737270125e-01
8.829699955494088925e+00 1.624665072389082088e-01 2.114134688912829019e-01
8.890965989529160396e+00 1.622632847254195931e-01 2.111341325598117546e-01
8.952657125996395848e+00 1.620599151950319339e-01 2.108540861615644246e-01
9.014776314524917566e+00 1.618560203744645043e-01 2.105733288855816676e-01
9.077326525210226649e+00 1.616515977693514239e-01 2.102918599277636413e-01
9.140310748756229842e+00 1.614466467022237783e-01 2.100096784909409875e-01
9.203731996618223832e+00 1.612411665001056149e-01 2.097267837849454974e-01
9.267593301146877849e+00 1.610350238766675157e-01 2.094431750266817216e-01
9.331897715733239451e+00 1.608282480027040662e-01 2.091588514401985233e-01
9.396648314954692438e+00 1.606209403587124107e-01 2.088741541973475058e-01
9.461848194722000116e+00 1.604131002893740554e-01 2.085895496289172646e-01
9.527500472427291811e+00 1.602052305511312835e-01 2.083042311905142496e-01
9.593608287093141840e+00 1.599969786979296149e-01 2.080181981406803438e-01
9.660174799522645017e+00 1.597881943792077986e-01 2.077314497454365028e-01
9.727203192450540215e+00 1.595788769625526293e-01 2.074439852783556415e-01
9.794696670695392626e+00 1.593690258204980004e-01 2.071558040206371576e-01
9.862658461312822311e+00 1.591586403305776665e-01 2.068669052611804837e-01
9.931091813749794994e+00 1.589477198753770359e-01 2.065772882966601387e-01
1.000000000000000000e+01 1.587362638425861283e-01 2.062869524316001957e-01
1.006938631476027624e+01 1.585242716250523931e-01 2.059958969784501659e-01
1.013925407558815373e+01 1.583117426208336120e-01 2.057041212576599665e-01
1.020960662306046451e+01 1.580986762332516615e-01 2.054116245977565258e-01
1.028044732093309221e+01 1.578850718709459977e-01 2.051184063354197229e-01
1.035177955630176250e+01 1.576709289479276688e-01 2.048245397481411045e-01
1.042360673976401664e+01 1.574563070391597208e-01 2.045299726976551880e-01
1.049593230558227752e+01 1.572419520750825694e-01 2.042346823177885740e-01
1.056875971184804008e+01 1.570270592677660837e-01 2.039386679784185863e-01
1.064209244064724125e+01 1.568116280571703602e-01 2.036419290579563612e-01
1.071593399822671167e+01 1.565956578888791639e-01 2.033444649434260065e-01
1.079028791516184071e+01 1.563791482141546063e-01 2.030462750305429276e-01
1.086515774652538369e+01 1.561620984899934894e-01 2.027473587237935138e-01
1.094054707205742361e+01 1.559445081791825671e-01 2.024477154365144083e-01
1.101645949633656407e+01 1.557263767503549168e-01 2.021473445909729438e-01
1.109289864895222699e+01 1.555077036780465050e-01 2.018462456184469678e-01
1.116986818467823106e+01 1.552884884427523926e-01 2.015444179593061103e-01
1.124737178364751955e+01 1.550687305309842168e-01 2.012418610630924698e-01
1.132541315152811556e+01 1.548484294353268675e-01 2.009385743886024644e-01
1.140399601970032428e+01 1.546275846544966082e-01 2.006345574039682111e-01
1.148312414543511117e+01 1.544062348641077609e-01 2.003298228440438811e-01
1.156280131207375916e+01 1.541843738244119133e-01 2.000243800316736098e-01
1.164303132920876749e+01 1.539619677938502129e-01 1.997182054726360234e-01
1.172381803286598512e+01 1.537390162961040918e-01 1.994112986733985460e-01
1.180516528568804979e+01 1.535155188612727928e-01 1.991036591501775255e-01
1.188707697711903322e+01 1.532914750259324055e-01 1.987955094152462632e-01
1.196955702359043450e+01 1.530668843331954299e-01 1.984866527181780027e-01
1.205260936870842592e+01 1.528417463327705617e-01 1.981770625988978907e-01
1.213623798344240612e+01 1.526160605810221449e-01 1.978667386144984941e-01
1.222044686631488020e+01 1.523898266410309565e-01 1.975556803322379151e-01
1.230524004359261525e+01 1.521630440826544084e-01 1.972438873296266937e-01
1.239062156947916193e+01 1.519357124825873318e-01 1.969313591945126840e-01
1.247659552630869761e+01 1.517078314244231230e-01 1.966182678439858944e-01
1.256316602474120891e+01 1.514794004987150278e-01 1.963052211732411179e-01
1.265033720395903138e+01 1.512504193030378974e-01 1.959914407126434888e-01
1.273811323186478539e+01 1.510208911950232102e-01 1.956769260946144007e-01
1.282649830528060519e+01 1.507908356566317609e-01 1.953616769623086336e-01
1.291549665014884063e+01 1.505602287607647194e-01 1.950456929697012010e-01
1.300511252173409282e+01 1.503290701338291790e-01 1.947289737816763344e-01
1.309535020482667100e+01 1.500973594095649233e-01 1.944115190741152466e-01
1.318621401394748460e+01 1.498652214253629322e-01 1.940950306667592884e-01
1.327770829355429782e+01 1.496325934815730119e-01 1.937797439302632319e-01
1.336983741824946570e+01 1.493994129089623313e-01 1.934637293540704961e-01
1.346260579298910365e+01 1.491656793720176344e-01 1.931470392139264525e-01
1.355601785329368170e+01 1.489313925428722707e-01 1.928298971438484055e-01
1.365007806546013747e+01 1.486965521013703384e-01 1.925120273310178265e-01
1.374479092677537295e+01 1.484611577351317435e-01 1.921670326864746703e-01
1.384016096573131627e+01 1.482252091396173699e-01 1.918160195662386436e-01
1.393619274224142757e+01 1.479893900391460460e-01 1.914642254559702772e-01
1.403289084785872376e+01 1.477530516903209357e-01 1.911116503527199584e-01
1.413025990599533621e+01 1.475161601438976788e-01 1.907582942678992810e-01
1.422830457214352684e+01 1.472787151291074237e-01 1.904041572273825200e-01
1.432702953409831004e+01 1.470407163833203912e-01 1.900492392716083001e-01
1.442643951218158094e+01 1.468021636521124607e-01 1.896935404556822080e-01
1.452653925946780511e+01 1.465630566893320053e-01 1.893370608494787388e-01
1.462733356201129808e+01 1.463240532556273343e-01 1.889798005377444912e-01
1.472882723907502545e+01 1.460865787065361854e-01 1.886217596202010849e-01
1.483102514336104427e+01 1.458485557080013428e-01 1.882629382116484396e-01
1.493393216124252554e+01 1.456099840460003125e-01 1.879033364420683860e-01
1.503755321299737702e+01 1.453710944593014365e-01 1.875429544567288331e-01
1.514189325304351996e+01 1.451316733384658553e-01 1.871817924162875735e-01
1.524695727017573788e+01 1.448772516723380310e-01 1.868198504968970053e-01
1.535275028780422701e+01 1.446128628824238371e-01 1.864571288903086044e-01
1.545927736419477760e+01 1.443478855411604034e-01 1.860936278039785063e-01
1.556654359271061239e+01 1.440823196438652809e-01 1.857293474611719786e-01
1.567455410205595001e+01 1.438161651966609611e-01 1.853642881010695576e-01
1.578331405652117247e+01 1.435494222165516198e-01 1.849984693169945960e-01
1.589282865622977958e+01 1.432820907314995562e-01 1.846318900803083085e-01
1.600310313738700785e+01 1.430141707805024920e-01 1.842645327437801572e-01
1.611414277253019023e+01 1.427456624136703156e-01 1.838963976114671439e-01
1.622595287078087267e+01 1.424765656923027701e-01 1.835274850038720318e-01
1.633853877809861288e+01 1.422068806889671688e-01 1.831577952580504542e-01
1.645190587753662470e+01 1.419366074875757500e-01 1.827873287277178294e-01
1.656605958949914381e+01 1.416657461834643916e-01 1.824160857833576344e-01
1.668100537200059108e+01 1.413942968834701330e-01 1.820440668123284589e-01
1.679674872092653004e+01 1.411222597060103889e-01 1.816712722189727514e-01
1.691329517029647889e+01 1.408496347811609151e-01 1.812977024247246216e-01
1.703065029252844198e+01 1.405764222507351613e-01 1.809233578682186427e-01
1.714881969870539891e+01 1.403026222683633195e-01 1.805499938547625305e-01
1.726780903884355922e+01 1.400282349995712605e-01 1.801770464742976918e-01
1.738762400216250370e+01 1.397532606218604700e-01 1.795348316342192940e-01
1.750827031735724404e+01 1.394777074854683385e-01 1.791710545385492570e-01
1.762975375287205893e+01 1.392015876197441604e-01 1.788066295352568891e-01
1.775208011717635159e+01 1.389248813281233064e-01 1.784415292655127938e-01
1.787525525904235479e+01 1.386475888369252119e-01 1.780756770555864399e-01
1.799928506782476489e+01 1.383697103848442189e-01 1.777090733656134791e-01
1.812417547374236548e+01 1.380912462230305116e-01 1.773417186726984340e-01
1.824993244816152327e+01 1.378121966151706623e-01 1.769736134710213349e-01
1.837656200388171612e+01 1.375325618375690395e-01 1.766047710836003704e-01
1.850407019542302223e+01 1.372523421792286036e-01 1.762353305361055167e-01
1.863246311931559873e+01 1.369715379419326751e-01 1.758651415060727974e-01
1.876174691439120323e+01 1.366901494403261197e-01 1.754942045575780540e-01
1.889192776207666213e+01 1.364081770019975048e-01 1.751225202723035723e-01
1.902301188668944931e+01 1.361264380145936204e-01 1.747500892496455793e-01
1.915500555573527919e+01 1.358455171279295548e-01 1.743769121068226291e-01
1.928791508020777812e+01 1.353598384443367719e-01 1.740029894789837939e-01
1.942174681489025545e+01 1.350858260028797997e-01 1.736283220193174381e-01
1.955650715865949252e+01 1.348112938801197258e-01 1.732529103991594654e-01
1.969220255479172366e+01 1.345362841008820309e-01 1.728767553081027586e-01
1.982883949127071332e+01 1.342607075829888585e-01 1.724998574541060925e-01
1.996642450109793288e+01 1.339845646702909898e-01 1.721222175636034357e-01
2.010496416260497909e+01 1.337078557194086026e-01 1.717438363816132241e-01
2.024446509976803910e+01 1.334305810998116792e-01 1.713647146718485781e-01
2.038493398252463251e+01 1.331527411939003591e-01 1.709848532168268265e-01
2.052637752709252084e+01 1.328744415018891789e-01 1.706042528179793627e-01
2.066880249629081945e+01 1.325955961598233868e-01 1.702229142957623065e-01
2.081221569986338338e+01 1.323161870890438019e-01 1.698408384897664991e-01
2.095662399480433180e+01 1.320362147248707041e-01 1.694580262588283592e-01
2.110203428568595641e+01 1.317556795159548211e-01 1.690744784811402390e-01
2.124845352498882889e+01 1.314745819243594849e-01 1.686901960543617240e-01
2.139588871343421417e+01 1.311929224256414839e-01 1.683051798957302392e-01
2.154434690031883193e+01 1.309107015089333859e-01 1.679194309421724596e-01
2.169383518385184217e+01 1.306279196770250561e-01 1.675329501504157492e-01
2.184436071149427150e+01 1.303445774464462303e-01 1.671457384970991555e-01
2.199593068030074861e+01 1.300606753475480049e-01 1.667604230287113576e-01
2.214855233726359174e+01 1.297762139245857982e-01 1.663760778217035219e-01
2.230223297965937590e+01 1.294911937358014797e-01 1.659910150931199480e-01
2.245697995539773828e+01 1.292056153535061647e-01 1.656052358986958573e-01
2.261280066337278427e+01 1.289194793641628145e-01 1.652187413143545447e-01
2.276970255381679920e+01 1.286327863684694206e-01 1.648315324363168466e-01
2.292769312865650022e+01 1.283455369814416602e-01 1.644436103812105809e-01
2.308677994187168636e+01 1.280577318324964131e-01 1.640549762861807925e-01
2.324697059985647840e+01 1.277693715655346951e-01 1.636656313089986936e-01
2.340827276178293204e+01 1.274804568390252857e-01 1.632755766281719367e-01
2.357069413996727647e+01 1.271909883260883278e-01 1.628848134430547767e-01
2.373424250023867543e+01 1.269009667145785947e-01 1.624933429739576218e-01
2.389892566231048932e+01 1.266103927071697277e-01 1.621011664622573900e-01
2.406475150015424092e+01 1.263192670214377256e-01 1.616215191382051886e-01
2.423172794237599348e+01 1.260275903899450989e-01 1.612307916362244742e-01
2.439986297259550341e+01 1.257366005263297892e-01 1.608393728216695739e-01
2.456916462982791316e+01 1.254470819348954547e-01 1.604472640313968357e-01
2.473964100886813000e+01 1.251570224405927356e-01 1.600544666234689495e-01
2.491130026067788350e+01 1.248664228355623185e-01 1.596609819772612515e-01
2.508415059277539783e+01 1.245752839271399570e-01 1.592668114935671952e-01
2.525820026962784581e+01 1.242836065379388233e-01 1.588719565947041001e-01
2.543345761304649599e+01 1.239913915059319000e-01 1.584764187246192890e-01
2.560993100258458099e+01 1.236986396845349001e-01 1.580801993489956703e-01
2.578762887593800812e+01 1.234053519426886875e-01 1.576833898342838713e-01
2.596655972934870960e+01 1.231115291649421545e-01 1.572859030586745699e-01
2.614673211801092023e+01 1.228171722515352254e-01 1.568877395325903035e-01
2.632815465648021203e+01 1.225222821184814154e-01 1.564889008098024892e-01
2.651083601908537446e+01 1.222268596976509580e-01 1.560893884663427655e-01
2.669478494034320804e+01 1.218650293133612117e-01 1.556892041006084915e-01
2.688001021537606050e+01 1.215706965582020183e-01 1.552898436828116513e-01
2.706652070033241131e+01 1.212758426030297598e-01 1.548900761445765328e-01
2.725432531281029114e+01 1.209804684516620626e-01 1.544896453962571470e-01
2.744343303228363951e+01 1.206845751238798808e-01 1.540885531228825822e-01
2.763385290053169996e+01 1.203881636555066276e-01 1.536868010322374745e-01
2.782559402207124322e+01 1.200912350984884303e-01 1.532843908549659795e-01
2.801866556459195223e+01 1.197937905209736642e-01 1.528814148503746251e-01
2.821307675939472048e+01 1.194958310073925556e-01 1.524792499231885368e-01
2.840883690183302690e+01 1.191973576585372840e-01 1.520764513204563295e-01
2.860595535175741944e+01 1.188984236940226757e-01 1.516730966501096400e-01
2.880444153396296514e+01 1.185989946769549636e-01 1.512691048669539684e-01
2.900430493863991543e+01 1.182990553966652009e-01 1.508648374924626279e-01
2.920555512182746583e+01 1.179986070202571208e-01 1.504600322460535045e-01
2.940820170587062066e+01 1.176976507315913162e-01 1.500545879670596994e-01
2.961225437988034415e+01 1.173961877313647040e-01 1.496484047458479794e-01
2.981772290019671701e+01 1.170950441472122655e-01 1.492411602947747717e-01
3.002461709085549302e+01 1.167938940390448876e-01 1.488332818769404764e-01
3.023294684405777843e+01 1.164922438491792778e-01 1.484247715010744983e-01
3.044272212064302607e+01 1.161900948435492797e-01 1.480156311999808738e-01
3.065395295056526592e+01 1.158874483052192983e-01 1.476059870715566991e-01
3.086664943337272859e+01 1.155843055344626252e-01 1.471602320173555911e-01
3.108082173869063780e+01 1.152807136471101640e-01 1.467131143378080371e-01
3.129648010670752001e+01 1.149775072499279460e-01 1.462653757581314218e-01
3.151363484866479325e+01 1.146740703043097748e-01 1.458170190043885650e-01
3.173229634734976301e+01 1.143701967419891025e-01 1.453680468298388373e-01
3.195247505759212103e+01 1.140658599458665018e-01 1.449189010413981793e-01
3.217418150676371624e+01 1.137612341139232625e-01 1.444709860331485629e-01
3.239742629528197426e+01 1.134562834679949533e-01 1.440225515254531519e-01
3.262222009711669557e+01 1.131508509180360750e-01 1.435735174356017330e-01
3.284857366030043835e+01 1.128449379164761790e-01 1.431238866420177225e-01
3.307649780744240786e+01 1.125381620689078904e-01 1.426736620506477704e-01
3.330600343624588788e+01 1.122308942775504664e-01 1.422228465950517440e-01
3.353710152002930300e+01 1.119231498963686178e-01 1.417714432364918509e-01
3.376980310825091181e+01 1.116149304531341424e-01 1.413194836628257345e-01
3.400411932703705986e+01 1.113063037518731424e-01 1.408672456064935519e-01
3.424006137971424124e+01 1.109767182833936439e-01 1.404144294417590533e-01
3.447764054734464167e+01 1.106398779102685526e-01 1.399610382409696985e-01
3.471686818926561102e+01 1.103025691610476644e-01 1.395070751045912882e-01
3.495775574363275240e+01 1.099647940854172612e-01 1.390525431612949225e-01
3.520031472796679139e+01 1.096265547535428125e-01 1.385974455680435702e-01
3.544455673970433907e+01 1.092878532561394334e-01 1.381417855101781944e-01
3.569049345675229290e+01 1.089503344232557180e-01 1.376855662015036008e-01
3.593813663804627367e+01 1.086124980419665986e-01 1.372288641103998064e-01
3.618749812411280686e+01 1.082742093236171155e-01 1.367716796529352963e-01
3.643858983763544757e+01 1.079354704326557501e-01 1.363169141786883809e-01
3.669142378402492000e+01 1.075962835542566692e-01 1.358640610971809659e-01
3.694601205199302285e+01 1.072566508943878921e-01 1.354108199870806550e-01
3.720236681413067714e+01 1.069165746798785149e-01 1.349572116578754144e-01
3.746050032748993175e+01 1.065760571584861288e-01 1.345030737506601459e-01
3.772042493416997644e+01 1.062353154215707612e-01 1.340484096401736436e-01
3.798215306190733997e+01 1.058941728271325516e-01 1.335948208251304947e-01
3.824569722466998911e+01 1.055525963554009988e-01 1.331407765308774693e-01
3.851107002325570505e+01 1.052105883380372586e-01 1.326862189679983983e-01
3.877828414589457395e+01 1.048681511279428435e-01 1.322311516120520392e-01
3.904735236885559857e+01 1.045252870993251398e-01 1.317755779672811767e-01
3.931828755705767975e+01 1.041819986477623416e-01 1.313195015666877019e-01
3.959110266468458406e+01 1.038382881902680244e-01 1.308629259721082461e-01
3.986581073580440915e+01 1.034941887199748445e-01 1.304058547742887597e-01
4.014242490499322003e+01 1.031497497525566132e-01 1.299482915929583426e-01
4.042095839796307644e+01 1.028062019295690049e-01 1.294902400769033513e-01
4.070142453219436618e+01 1.024650249852579742e-01 1.290317039040400904e-01
4.098383671757261482e+01 1.021235009947795286e-01 1.285726867814873109e-01
4.126820845702953733e+01 1.017817536448137189e-01 1.281131924456385962e-01
4.155455334718875093e+01 1.014396066275701502e-01 1.276532246622332500e-01
4.184288507901582221e+01 1.010970624813394975e-01 1.271927872264274062e-01
4.213321743847286882e+01 1.007550429831783889e-01 1.267319136865250051e-01
4.242556430717777260e+01 1.004129642981169829e-01 1.262715179789345998e-01
4.271993966306779100e+01 1.000704982191847475e-01 1.258158361588779528e-01
4.301635758106795038e+01 9.972764736062851576e-02 1.253597029282541575e-01
4.331483223376400815e+01 9.938441435829778459e-02 1.249031221347665505e-01
4.361537789208003346e+01 9.904080186970215527e-02 1.244460976553041776e-01
4.391800892596086214e+01 9.869681257406792696e-02 1.239886333960079079e-01
4.422273980505899260e+01 9.835244917239445439e-02 1.235307332923362700e-01
4.452958509942655496e+01 9.800771438751022802e-02 1.230724013091298169e-01
4.483855948021188453e+01 9.766261096412831577e-02 1.226136414406757830e-01
4.514967772036099802e+01 9.731714166890147177e-02 1.221588458693825541e-01
4.546295469532399380e+01 9.697130929047705072e-02 1.217038334997720267e-01
4.577840538376618440e+01 9.662511663955128394e-02 1.212484108273198524e-01
4.609604486828433778e+01 9.627856654892301413e-02 1.207925819105798299e-01
4.641588833612780007e+01 9.593166187354737473e-02 1.203363508372939650e-01
4.673795107992461340e+01 9.558441028859726574e-02 1.198797217244502583e-01
4.706224849841281355e+01 9.523688241431177426e-02 1.194226987183397148e-01
4.738879609717653807e+01 9.489317587979900770e-02 1.189759060676846697e-01
4.771760948938745628e+01 9.454951172367720424e-02 1.185310353100647862e-01
4.804870439655131520e+01 9.420550962049822896e-02 1.180857799704317507e-01
4.838209664925954456e+01 9.386117248685101055e-02 1.176401440772982115e-01
4.871780218794631168e+01 9.351650326135721447e-02 1.171941316876924238e-01
4.905583706365047902e+01 9.317150490472074498e-02 1.167477468872140239e-01
4.939621743878320359e+01 9.282618039977681701e-02 1.160968956058593404e-01
4.973895958790065208e+01 9.248053275154038966e-02 1.156409735393593846e-01
5.008407989848210207e+01 9.213708427774176812e-02 1.151863296260327990e-01
5.043159487171358535e+01 9.179425841994842683e-02 1.147313542441960876e-01
5.078152112327673251e+01 9.145112266296562265e-02 1.142760518267962183e-01
5.113387538414325917e+01 9.110768006029432153e-02 1.138204268354888749e-01
5.148867450137495183e+01 9.076393368742136092e-02 1.133644837606781336e-01
5.184593543892910361e+01 9.041988664186352553e-02 1.129082271215555017e-01
5.220567527846975509e+01 9.007554204321017999e-02 1.124516614661379005e-01
5.256791122018422158e+01 8.973668677587330611e-02 1.119947913713053023e-01
5.293266058360561033e+01 8.940149923264069376e-02 1.115376214428369789e-01
5.329994080844090831e+01 8.906602117867695734e-02 1.110801563154474869e-01
5.366976945540476152e+01 8.873025564496009321e-02 1.106224006528215703e-01
5.404216420705915169e+01 8.839420568394773525e-02 1.101643591476483830e-01
5.441714286865889960e+01 8.805787436961924619e-02 1.097060365216547401e-01
5.479472336900287388e+01 8.756905323653507711e-02 1.092474375256375363e-01
5.517492376129126086e+01 8.722517748164371199e-02 1.087874842788055380e-01
5.555776222398877451e+01 8.688260711960640870e-02 1.083368422951329485e-01
5.594325706169377810e+01 8.653979485800680771e-02 1.078861147414742899e-01
5.633142670601354496e+01 8.619673537785108031e-02 1.074351266422115814e-01
5.672228971644543805e+01 8.585343203648851396e-02 1.069838827248452973e-01
5.711586478126432098e+01 8.550988821292621056e-02 1.065323877453711876e-01
5.751217071841613659e+01 8.516610730785856287e-02 1.060806464883090744e-01
5.791122647641758192e+01 8.482209274369634233e-02 1.056286637667309819e-01
5.831305113526221362e+01 8.447784796459470447e-02 1.051764444222879347e-01
5.871766390733255747e+01 8.413337643648102770e-02 1.047239933252366306e-01
5.912508413831878329e+01 8.378868164708205835e-02 1.042713153744646570e-01
5.953533130814370367e+01 8.344376710595040325e-02 1.038184154975149848e-01
5.994842503189408944e+01 8.309863634449025926e-02 1.033436344443640076e-01
6.036438506075867139e+01 8.275329291598286507e-02 1.028491893110054650e-01
6.078323128297230227e+01 8.240774039561092612e-02 1.023546390835343572e-01
6.120498372476699700e+01 8.206136097987026812e-02 1.018599894919121895e-01
6.162966255132942450e+01 8.172012004138617947e-02 1.013652462940076993e-01
6.205728806776500761e+01 8.138049754739459796e-02 1.008704152755984795e-01
6.248788072006890815e+01 8.104067789585775450e-02 1.003755022503716177e-01
6.292146109610344240e+01 8.070066464450659227e-02 9.988051305992323714e-02
6.335804992658250967e+01 8.036046137254081179e-02 9.938545357375755396e-02
6.379766808606282069e+01 8.002007168065081166e-02 9.889032968928407330e-02
6.424033659394190465e+01 7.967949919103889389e-02 9.839514733181507766e-02
6.468607661546323584e+01 7.933874754743981683e-02 9.789991245456088065e-02
6.513490946272803228e+01 7.899782041514091802e-02 9.740463103862499750e-02
6.558685659571432325e+01 7.865672148100115446e-02 9.690930909299816376e-02
6.604193962330305112e+01 7.831545445347000423e-02 9.641395265455078578e-02
6.650018030431118632e+01 7.796476353583151053e-02 9.591865024850439181e-02
6.696160054853218924e+01 7.759216868893695218e-02 9.542675219037211054e-02
6.742622241778342129e+01 7.721949365829690326e-02 9.493695738863142108e-02
6.789406812696108773e+01 7.684674275717817693e-02 9.444715776025131015e-02
6.836516004510238531e+01 7.647392031987787497e-02 9.395735939996664732e-02
6.883952069645496863e+01 7.610103070172474782e-02 9.346756842951157995e-02
6.931717276155403340e+01 7.572807827907970801e-02 9.297779099760131172e-02
6.979813907830660469e+01 7.535506744933588574e-02 9.248803327991288181e-02
7.028244264308348477e+01 7.498200263091772677e-02 9.199830147906484790e-02
7.077010661181888906e+01 7.460888826327950751e-02 9.150860182459574776e-02
7.126115430111745752e+01 7.423572880690307296e-02 9.101894057294190876e-02
7.175560918936925248e+01 7.386252874329489460e-02 9.052932400741343921e-02
7.225349491787214617e+01 7.348929257498237888e-02 9.003975843817001168e-02
7.275483529196229426e+01 7.311602482550935700e-02 8.955025020219464782e-02
7.325965428215229736e+01 7.274273003943110272e-02 8.906080566326704528e-02
7.376797602527734909e+01 7.236944958073089629e-02 8.857968426962292696e-02
7.427982482564914335e+01 7.199781906646587903e-02 8.810840572563481687e-02
7.479522515621820844e+01 7.162871147324792465e-02 8.763717632248524403e-02
7.531420165974371628e+01 7.125959919453168923e-02 8.716600215082279113e-02
7.583677914997190328e+01 7.089048681862661350e-02 8.669488932756616584e-02
7.636298261282244937e+01 7.052137895419161029e-02 8.622384399588159387e-02
7.689283720758309926e+01 7.015228023022131165e-02 8.575287232515897695e-02
7.742636826811269657e+01 6.978319529603183025e-02 8.528198051098691279e-02
7.796360130405233235e+01 6.941412882124561867e-02 8.481117477512656322e-02
7.850456200204509116e+01 6.904508549577557941e-02 8.434122224171825000e-02
7.904927622696423839e+01 6.867607002980825881e-02 8.387469696617959325e-02
7.959777002314982042e+01 6.830708715378622231e-02 8.340827718022897352e-02
8.015006961565404708e+01 6.793814161838962473e-02 8.294196912929573118e-02
8.070620141149503013e+01 6.756923819451705893e-02 8.247577908425303417e-02
8.126619200091946027e+01 6.720038167326540524e-02 8.200971334138359992e-02
8.183006815867393868e+01 6.683470153729935415e-02 8.154377822234434858e-02
8.239785684528514764e+01 6.647953852471658043e-02 8.108719037849644595e-02
8.296958520834907347e+01 6.612441149716519195e-02 8.063118299589415450e-02
8.354528058382867073e+01 6.576932504000013169e-02 8.017531328234552002e-02
8.412497049736118981e+01 6.541428375837692044e-02 7.972421171742420654e-02
8.470868266557407367e+01 6.505929227723493413e-02 7.927382001661260891e-02
8.529644499741020525e+01 6.470435524127959859e-02 7.882364298319381735e-02
8.588828559546249153e+01 6.434947731496359902e-02 7.837362506387340888e-02
8.648423275731721560e+01 6.399466318246753438e-02 7.792377243854738122e-02
8.708431497690723688e+01 6.363991754767961417e-02 7.745581507322268910e-02
8.768856094587431471e+01 6.328819886528576355e-02 7.698680103094865390e-02
8.829699955494086794e+01 6.293668664569038174e-02 7.651806047001090405e-02
8.890965989529158264e+01 6.258525755068157503e-02 7.605000058274874464e-02
8.952657125996395848e+01 6.223391630157525806e-02 7.558265421938333006e-02
9.014776314524917211e+01 6.188266763884146815e-02 7.511560112134275935e-02
9.077326525210227715e+01 6.153151632207810168e-02 7.464884774336381923e-02
9.140310748756228065e+01 6.118575202009724628e-02 7.418240056236867497e-02
9.203731996618220990e+01 6.084208212544059413e-02 7.371626607741382786e-02
9.267593301146878559e+01 6.049851491127538478e-02 7.325045080963800415e-02
9.331897715733238385e+01 6.015766311054550342e-02 7.278503754763372691e-02
9.396648314954695991e+01 5.981819927619169697e-02 7.232045418822172222e-02
9.461848194721997629e+01 5.947891944209059145e-02 7.185621029314331887e-02
9.527500472427290390e+01 5.913975845282921223e-02 7.139231246263058606e-02
9.593608287093141485e+01 5.880072096144278726e-02 7.092876731861968986e-02
9.660174799522646083e+01 5.845139411404190466e-02 7.046558150468987258e-02
9.727203192450542701e+01 5.809789883870361549e-02 7.000276168600105819e-02
9.794696670695395824e+01 5.774460855445893992e-02 6.954031454923027822e-02
9.862658461312820180e+01 5.739168816988635125e-02 6.907824680250641836e-02
9.931091813749794994e+01 5.703944624477185615e-02 6.861656517534345245e-02
1.000000000000000000e+02 5.668742421071097659e-02 6.815527641857276053e-02
1.006938631476027126e+02 5.633562692811157346e-02 6.769438730427336515e-02
1.013925407558815266e+02 5.598405927410845390e-02 6.723390462570104364e-02
1.020960662306046487e+02 5.563272614252547793e-02 6.677435322999666911e-02
1.028044732093309790e+02 5.528163244383613173e-02 6.632288890152784888e-02
1.035177955630176285e+02 5.493078310512362200e-02 6.587182881808105461e-02
1.042360673976401131e+02 5.458057452408342225e-02 6.542117967550874214e-02
1.049593230558227646e+02 5.423066150825983645e-02 6.497094819053952919e-02
1.056875971184803973e+02 5.388100814369198299e-02 6.452405497622155928e-02
1.064209244064724658e+02 5.353161941687758357e-02 6.408053943039115907e-02
1.071593399822671131e+02 5.318250033063504079e-02 6.363463003783498273e-02
1.079028791516183645e+02 5.283365590405608714e-02 6.318919409054034320e-02
1.086515774652538369e+02 5.248509117245844097e-02 6.274423819536385782e-02
1.094054707205742432e+02 5.213681118733682479e-02 6.229976897818689796e-02
1.101645949633656869e+02 5.178882101631286650e-02 6.185579308382965769e-02
1.109289864895222735e+02 5.144112574308437602e-02 6.141231717596482009e-02
1.116986818467822644e+02 5.109373046737295671e-02 6.096934793702843414e-02
1.124737178364751884e+02 5.074664030487080479e-02 6.052689206813016698e-02
1.132541315152811450e+02 5.039986038718657912e-02 6.008495628896160651e-02
1.140399601970033103e+02 5.005855265576761304e-02 5.965407792929041525e-02
1.148312414543511153e+02 4.971856375653204568e-02 5.922363408836357063e-02
1.156280131207375348e+02 4.937888338241644415e-02 5.879404190365944416e-02
1.164303132920876749e+02 4.903951659149451830e-02 5.837158357056589086e-02
1.172381803286598512e+02 4.870129927947266374e-02 5.794938917236822779e-02
1.180516528568805512e+02 4.836784012838290375e-02 5.752770505663092060e-02
1.188707697711903251e+02 4.803172181688675213e-02 5.711238832111035363e-02
1.196955702359042846e+02 4.769595915037264794e-02 5.670262643657490026e-02
1.205260936870842556e+02 4.736055710440591204e-02 5.629337944989055292e-02
1.213623798344240470e+02 4.702552066890298976e-02 5.588465363932382246e-02
1.222044686631488730e+02 4.669085484806689140e-02 5.547645529938576708e-02
1.230524004359261596e+02 4.635656466032244544e-02 5.506879074073278701e-02
1.239062156947915696e+02 4.602265513824945614e-02 5.466166629006439376e-02
1.247659552630869797e+02 4.568913132851525061e-02 5.425508829002033406e-02
1.256316602474120145e+02 4.535599829180591430e-02 5.384910323003741506e-02
1.265033720395903742e+02 4.502940560064451481e-02 5.344372654634982345e-02
1.273811323186478432e+02 4.470493169950920387e-02 5.303891549554022589e-02
1.282649830528060022e+02 4.438087192475097947e-02 5.263467648130591009e-02
1.291549665014883885e+02 4.406150222419449175e-02 5.223101592272628296e-02
1.300511252173408536e+02 4.374324907532756157e-02 5.182794025414987071e-02
1.309535020482667562e+02 4.342537934688912166e-02 5.142545592507892505e-02
1.318621401394748602e+02 4.311044017609802492e-02 5.102356940005338404e-02
1.327770829355428930e+02 4.280155535104502446e-02 5.062228715853191868e-02
1.336983741824946605e+02 4.249305746498017317e-02 5.022161569477191778e-02
1.346260579298909761e+02 4.218495124631612553e-02 4.982156151770798791e-02
1.355601785329369022e+02 4.187724143572413987e-02 4.942478072586112964e-02
1.365007806546013853e+02 4.156993278605931180e-02 4.903347212982636649e-02
1.374479092677536585e+02 4.126303006228403125e-02 4.864278615946854983e-02
1.384016096573131449e+02 4.095653804139065546e-02 4.825271580507976138e-02
1.393619274224141975e+02 4.065047645287866995e-02 4.786627937158496188e-02
1.403289084785873229e+02 4.034488752076281076e-02 4.748234072214481405e-02
1.413025990599533657e+02 4.003972373920035993e-02 4.709903471612057052e-02
1.422830457214352009e+02 3.973498993127196760e-02 4.671636767996352468e-02
1.432702953409830968e+02 3.943069093166919753e-02 4.633434595305409992e-02
1.442643951218157383e+02 3.912683158660954647e-02 4.595326038102655331e-02
1.452653925946781328e+02 3.882341675374980511e-02 4.557318133067748273e-02
1.462733356201129880e+02 3.852045130209883622e-02 4.519403693940420713e-02
1.472882723907501656e+02 3.821794011192831964e-02 4.482174946561555406e-02
1.483102514336104321e+02 3.791588807468262989e-02 4.445404725229922666e-02
1.493393216124251808e+02 3.761430009288749265e-02 4.408697328153271533e-02
1.503755321299738341e+02 3.731389155710494732e-02 4.372053370475800088e-02
1.514189325304351996e+02 3.701889531710827325e-02 4.335688757011363359e-02
1.524695727017574427e+02 3.672436742287923939e-02 4.299633824751209615e-02
1.535275028780422701e+02 3.643030353755289524e-02 4.263787965535888180e-02
1.545927736419477014e+02 3.613814047004781926e-02 4.228135648087677501e-02
1.556654359271062162e+02 3.584869559118510074e-02 4.192548161748625019e-02
1.567455410205595001e+02 3.555972637414046844e-02 4.157026125234872249e-02
1.578331405652118065e+02 3.527123758419804800e-02 4.121570158368714765e-02
1.589282865622977852e+02 3.498323399640804188e-02 4.086180882063317893e-02
1.600310313738700074e+02 3.469582635516198221e-02 4.051152135520773301e-02
1.611414277253019804e+02 3.440928453309855667e-02 4.016898372192061195e-02
1.622595287078087267e+02 3.412339729641090252e-02 3.982711033675211121e-02
1.633853877809862070e+02 3.384099240883781112e-02 3.948590714215297059e-02
1.645190587753662328e+02 3.356378398289884546e-02 3.914538008975534250e-02
1.656605958949913600e+02 3.328704806848313547e-02 3.880574560939106799e-02
1.668100537200059250e+02 3.301078913416272131e-02 3.846704088646944047e-02
1.679674872092653288e+02 3.273584428812459368e-02 3.812903004899214493e-02
1.691329517029648741e+02 3.246402452917818149e-02 3.779171907145770226e-02
1.703065029252844340e+02 3.219330923611244538e-02 3.745511393664931882e-02
1.714881969870539251e+02 3.192452196340579001e-02 3.712030388740698850e-02
1.726780903884356064e+02 3.165622218391388187e-02 3.678635761102925367e-02
1.738762400216250512e+02 3.138841455827626886e-02 3.645257509982818139e-02
1.750827031735725257e+02 3.112110375549435870e-02 3.611924785768056562e-02
1.762975375287205679e+02 3.085429445281647268e-02 3.578665126764005167e-02
1.775208011717634236e+02 3.058926797524739657e-02 3.545479138976519173e-02
1.787525525904235337e+02 3.033023490220315699e-02 3.512367429116358686e-02
1.799928506782476347e+02 3.007248387445703858e-02 3.479330604581181569e-02
1.812417547374237756e+02 2.981523686816373031e-02 3.446369273437315667e-02
1.824993244816152469e+02 2.955849836681616327e-02 3.413484555323897246e-02
1.837656200388170475e+02 2.930235401211707044e-02 3.380813539779121274e-02
1.850407019542302010e+02 2.904698677010726302e-02 3.348742003614364054e-02
1.863246311931559944e+02 2.879214140164482877e-02 3.316932496680304043e-02
1.876174691439121318e+02 2.853782240757991862e-02 3.285197258753260602e-02
1.889192776207666213e+02 2.828403429503402455e-02 3.253536890622784478e-02
1.902301188668943723e+02 2.803138651513167184e-02 3.221951993643257239e-02
1.915500555573527777e+02 2.777960166598132316e-02 3.190443169714261840e-02
1.928791508020777599e+02 2.752807942787250522e-02 3.159011021260722807e-02
1.942174681489026398e+02 2.727675833682209963e-02 3.128214496770129888e-02
1.955650715865949110e+02 2.702598681190988145e-02 3.097778718455015609e-02
1.969220255479171442e+02 2.677576941867612983e-02 3.067417960236080293e-02
1.982883949127071332e+02 2.652611072800364900e-02 3.037132802389596112e-02
1.996642450109793288e+02 2.627701531598258464e-02 3.006923825649194387e-02
2.010496416260499188e+02 2.602848776377327325e-02 2.976858357199473407e-02
2.024446509976803839e+02 2.578053265746823100e-02 2.946903567518133552e-02
2.038493398252462043e+02 2.553381326742366550e-02 2.917026536769765088e-02
2.052637752709252084e+02 2.529099750844628763e-02 2.887227843868396537e-02
2.066880249629082016e+02 2.505107623512087961e-02 2.857695930963234307e-02
2.081221569986339262e+02 2.481179072024537052e-02 2.828726901225508614e-02
2.095662399480432896e+02 2.457306837921039572e-02 2.799896263809764294e-02
2.110203428568594290e+02 2.433491374277981997e-02 2.771236592018808120e-02
2.124845352498882960e+02 2.409733134585982650e-02 2.743199424043338622e-02
2.139588871343421488e+02 2.386032572734959889e-02 2.715556997503554282e-02
2.154434690031884543e+02 2.362666534197396112e-02 2.687991295465324421e-02
2.169383518385184288e+02 2.339717224499655510e-02 2.660800066658006169e-02
2.184436071149426084e+02 2.316824349053108259e-02 2.633712893868311172e-02
2.199593068030074789e+02 2.293988345064888398e-02 2.606702227335242969e-02
2.214855233726359245e+02 2.271209650090174823e-02 2.579769448690755196e-02
2.230223297965938514e+02 2.248521852043582070e-02 2.552916540349077848e-02
2.245697995539773899e+02 2.225934538682248012e-02 2.526318638398577718e-02
2.261280066337277219e+02 2.203405723739863126e-02 2.499788888564948713e-02
2.276970255381679920e+02 2.180935843417377423e-02 2.473308032872269940e-02
2.292769312865648885e+02 2.158551758711207275e-02 2.446905683488096936e-02
2.308677994187169702e+02 2.136707321005926544e-02 2.420582360042888154e-02
2.324697059985647911e+02 2.114946082265166741e-02 2.394338582110954947e-02
2.340827276178291925e+02 2.093329369848493521e-02 2.368174869188875362e-02
2.357069413996727860e+02 2.072039482562901269e-02 2.342091740673707401e-02
2.373424250023866193e+02 2.051194938785116592e-02 2.316089715841001401e-02
2.389892566231050353e+02 2.030408123095671716e-02 2.290169313822541103e-02
2.406475150015424163e+02 2.009847865020576371e-02 2.264331053583927902e-02
2.423172794237598282e+02 1.989421796309629592e-02 2.238850421010178324e-02
2.439986297259550270e+02 1.969053292357085885e-02 2.213518145874576737e-02
2.456916462982790108e+02 1.948742845634832827e-02 2.188267819328538338e-02
2.473964100886814208e+02 1.928493054010130270e-02 2.163099949680414441e-02
2.491130026067788492e+02 1.908403612007136471e-02 2.138015044988422417e-02
2.508415059277538717e+02 1.888405460921324663e-02 2.113035665169190822e-02
2.525820026962784652e+02 1.868435968906044173e-02 2.088193675714218947e-02
2.543345761304648249e+02 1.848525548705632141e-02 2.063440865654051631e-02
2.560993100258459663e+02 1.828674591913030667e-02 2.038772611312327995e-02
2.578762887593800883e+02 1.808883490082544010e-02 2.013531849164562279e-02
2.596655972934869965e+02 1.789152634713609552e-02 1.989068293039872662e-02
2.614673211801091952e+02 1.769482417234419930e-02 1.964718172324433215e-02
2.632815465648019995e+02 1.749873228985385915e-02 1.940567130908253668e-02
2.651083601908538867e+02 1.730325461202407086e-02 1.917188475769512207e-02
2.669478494034320875e+02 1.710839505000011362e-02 1.894195346957369339e-02
2.688001021537604629e+02 1.691564587635121381e-02 1.871691901146788073e-02
2.706652070033241557e+02 1.672460062630930222e-02 1.849864984918712929e-02
2.725432531281027764e+02 1.653417205409165106e-02 1.828300325421995665e-02
2.744343303228365585e+02 1.634436399063653178e-02 1.806819155848940137e-02
2.763385290053169570e+02 1.615518026503682050e-02 1.785422405752307498e-02
2.782559402207126027e+02 1.596671561944846413e-02 1.764104772086403164e-02
2.801866556459195294e+02 1.577929848147808720e-02 1.742005040255050624e-02
2.821307675939470982e+02 1.559261556741718679e-02 1.720792818121739606e-02
2.840883690183304111e+02 1.540656898261429097e-02 1.699661195769881089e-02
2.860595535175742157e+02 1.521617782328725868e-02 1.678610598630227504e-02
2.880444153396297793e+02 1.503160061104284045e-02 1.657641451420373974e-02
2.900430493863991614e+02 1.484794481500131651e-02 1.636754178120977329e-02
2.920555512182745019e+02 1.466536979023760033e-02 1.615949201951710074e-02
2.940820170587063558e+02 1.448793529345812625e-02 1.595284960316725731e-02
2.961225437988034628e+02 1.431370761410806491e-02 1.575163904741283538e-02
2.981772290019673619e+02 1.414329722615097207e-02 1.555120235432842432e-02
3.002461709085549160e+02 1.397785703391331985e-02 1.535157376982756831e-02
3.023294684405776138e+02 1.381512173170727775e-02 1.515275733933543929e-02
3.044272212064302607e+02 1.365310445250204549e-02 1.495475709997454855e-02
3.065395295056526948e+02 1.349171173431908642e-02 1.475757708032042828e-02
3.086664943337274281e+02 1.333092539287087513e-02 1.456122130015475094e-02
3.108082173869063922e+02 1.316433635074797104e-02 1.436569208841829114e-02
3.129648010670750296e+02 1.300434199642211061e-02 1.417099402251178857e-02
3.151363484866479325e+02 1.284495429733012971e-02 1.397773403550713577e-02
3.173229634734976230e+02 1.268617646064759859e-02 1.378769645545107302e-02
3.195247505759213595e+02 1.252801168821655528e-02 1.360245669300796066e-02
3.217418150676371624e+02 1.237046317636673019e-02 1.342167494452405768e-02
3.239742629528195721e+02 1.221353411573463700e-02 1.324462827859400511e-02
3.262222009711670125e+02 1.205722769108138505e-02 1.306834398394742490e-02
3.284857366030043409e+02 1.190500984682483533e-02 1.289282569027327616e-02
3.307649780744242776e+02 1.175382124987685295e-02 1.271807701799433990e-02
3.330600343624588504e+02 1.160324093434321469e-02 1.254410157802410102e-02
3.353710152002929021e+02 1.145327195018965884e-02 1.237090297152078182e-02
3.376980310825091465e+02 1.130391734116703226e-02 1.219906274764480034e-02
3.400411932703706270e+02 1.115518014462759354e-02 1.202839170661365240e-02
3.424006137971425687e+02 1.100706339133933342e-02 1.185850304151262954e-02
3.447764054734464025e+02 1.085956931645531628e-02 1.168940780100082531e-02
3.471686818926559681e+02 1.071270040673583980e-02 1.152126643491813499e-02
3.495775574363275382e+02 1.056652603403586584e-02 1.135435724272141483e-02
3.520031472796678713e+02 1.042304464634749225e-02 1.118886860936156233e-02
3.544455673970435328e+02 1.028203808940775753e-02 1.102803263087485594e-02
3.569049345675229574e+02 1.014551199385469935e-02 1.086835520942253802e-02
3.593813663804625662e+02 1.001156943748820853e-02 1.071112674200094469e-02
3.618749812411280118e+02 9.878589285154703789e-03 1.055467406597447241e-02
3.643858983763544188e+02 9.746185755527285791e-03 1.039947159519190485e-02
3.669142378402493705e+02 9.614361578507068726e-03 1.024512073831258634e-02
3.694601205199302285e+02 9.483119476871275030e-03 1.009267360512917586e-02
3.720236681413065867e+02 9.352462166088312129e-03 9.943061861954555908e-03
3.746050032748992749e+02 9.222662752704838957e-03 9.796522694568880057e-03
3.772042493416997218e+02 9.093909852236492161e-03 9.651283248695420244e-03
3.798215306190735987e+02 8.965745931400733240e-03 9.507438053052059274e-03
3.824569722466999337e+02 8.838173644777692559e-03 9.361230178980547295e-03
3.851107002325568942e+02 8.711301676087530865e-03 9.218105799892437752e-03
3.877828414589457111e+02 8.585205006358615290e-03 9.075792693514371859e-03
3.904735236885559857e+02 8.460327925006753610e-03 8.936731888560077788e-03
3.931828755705770391e+02 8.338348088869580732e-03 8.799867280303979092e-03
3.959110266468458690e+02 8.217587597092420801e-03 8.665317449415696135e-03
3.986581073580438783e+02 8.098907588767592647e-03 8.532188302533365992e-03
4.014242490499322003e+02 7.980870338637025690e-03 8.400071604033628944e-03
4.042095839796305654e+02 7.863680108445469247e-03 8.271014137883782660e-03
4.070142453219438607e+02 7.747227691308395704e-03 8.143283051508860837e-03
4.098383671757261482e+02 7.631993170788040938e-03 8.016593034738846157e-03
4.126820845702951601e+02 7.518385641112364411e-03 7.890996098100308206e-03
4.155455334718875520e+02 7.407826287248266139e-03 7.766096331084532296e-03
4.184288507901580374e+02 7.298036790893092270e-03 7.643385208625626259e-03
4.213321743847288872e+02 7.189508574392598425e-03 7.521743906290014395e-03
4.242556430717776834e+02 7.081531119140083499e-03 7.400985897115574218e-03
4.271993966306776542e+02 6.971328517981506372e-03 7.281203172346420970e-03
4.301635758106795038e+02 6.863952201783207752e-03 7.162173710696950919e-03
4.331483223376398541e+02 6.758381549075088285e-03 7.044206162669495834e-03
4.361537789208005620e+02 6.655059343990338445e-03 6.928475473875711152e-03
4.391800892596086214e+02 6.553201785460893193e-03 6.813959556250905221e-03
4.422273980505897271e+02 6.452666094689272179e-03 6.700438803278948099e-03
4.452958509942655496e+02 6.352980364497915616e-03 6.587592675159572968e-03
4.483855948021186464e+02 6.255092153684819502e-03 6.477778733147719625e-03
4.514967772036101792e+02 6.158709113363109756e-03 6.369420341928409834e-03
4.546295469532399238e+02 6.062996134634583180e-03 6.262121519832680207e-03
4.577840538376616450e+02 5.968221105505118647e-03 6.156625180531960680e-03
4.609604486828433778e+02 5.873975120982174829e-03 6.052442311822297041e-03
4.641588833612777307e+02 5.781119815321761855e-03 5.948898856293676797e-03
4.673795107992463613e+02 5.689241803137211513e-03 5.858520678410025079e-03
4.706224849841281639e+02 5.598110670721658660e-03 5.756598062657871002e-03
4.738879609717650965e+02 5.507668206236934066e-03 5.655707076155025263e-03
4.771760948938745628e+02 5.417848588403812934e-03 5.555824084744695641e-03
4.804870439655128962e+02 5.328566707670449008e-03 5.456582409265963753e-03
4.838209664925957441e+02 5.241167494384716026e-03 5.358138500628804174e-03
4.871780218794630741e+02 5.154604139519507189e-03 5.262448761378961913e-03
4.905583706365045487e+02 5.068938118747905869e-03 5.167638266840384430e-03
4.939621743878320785e+02 4.983780095094496668e-03 5.074152285425750919e-03
4.973895958790062650e+02 4.900385873601378894e-03 4.981285458965202875e-03
5.008407989848212196e+02 4.818597281474564127e-03 4.893053936734835171e-03
5.043159487171358819e+02 4.737441087527413490e-03 4.806204804589609900e-03
5.078152112327675809e+02 4.657627913776570157e-03 4.720235007396537084e-03
5.113387538414326059e+02 4.579005479815481325e-03 4.634837112360462238e-03
5.148867450137491915e+02 4.500862467518014325e-03 4.550012818584363468e-03
5.184593543892913203e+02 4.423476909296229428e-03 4.471245078099176859e-03
5.220567527846975509e+02 4.355665245821323250e-03 4.389686534781018362e-03
5.256791122018424858e+02 4.279393832144899254e-03 4.308749650389913539e-03
5.293266058360561601e+02 4.204010924859287457e-03 4.228405075268608371e-03
5.329994080844087421e+02 4.129110971009319897e-03 4.148980892356226267e-03
5.366976945540476436e+02 4.054695422091972139e-03 4.070313729527459158e-03
5.404216420705914743e+02 3.982192435220180057e-03 3.992451210122064872e-03
5.441714286865892518e+02 3.910490017052861700e-03 3.916084727344823491e-03
5.479472336900287246e+02 3.839923712511210049e-03 3.842841718572744328e-03
5.517492376129123386e+02 3.769831696983076685e-03 3.770121615944374040e-03
5.555776222398877735e+02 3.702435548793967749e-03 3.697774754027476768e-03
5.594325706169377099e+02 3.636811265394931068e-03 3.626457049062973767e-03
5.633142670601357622e+02 3.571925370049615182e-03 3.556260866333131425e-03
5.672228971644543662e+02 3.507470157784352803e-03 3.487706122818850715e-03
5.711586478126429256e+02 3.443446911822846575e-03 3.420980166114035836e-03
5.751217071841613233e+02 3.383625015488664518e-03 3.355064410689512829e-03
5.791122647641758476e+02 3.322065559851456341e-03 3.290044325715483879e-03
5.831305113526224204e+02 3.260958285608774477e-03 3.226143914743055067e-03
5.871766390733255321e+02 3.200313305313885054e-03 3.162740148820921120e-03
5.912508413831875487e+02 3.140285594773746785e-03 3.099820130790988375e-03
5.953533130814370224e+02 3.080844323215327883e-03 3.037385000799276962e-03
5.994842503189408944e+02 3.022070267447106960e-03 2.975596797605830398e-03
6.036438506075869554e+02 2.964040929605329597e-03 2.915052574609480231e-03
6.078323128297230369e+02 2.908467235024154302e-03 2.854988904746341358e-03
6.120498372476696431e+02 2.854017388786587919e-03 2.795406804333103439e-03
6.162966255132942024e+02 2.799056751099287220e-03 2.736729938528490846e-03
6.205728806776500051e+02 2.745032697359766835e-03 2.679472779838019698e-03
6.248788072006893799e+02 2.692042380749774550e-03 2.622923941193114859e-03
6.292146109610343956e+02 2.639989414779469155e-03 2.567371470362075393e-03
6.335804992658247556e+02 2.589447406118891484e-03 2.512280181893532336e-03
6.379766808606282211e+02 2.539688206784590768e-03 2.458517498075121852e-03
6.424033659394191318e+02 2.490444178425200907e-03 2.407479198490507580e-03
6.468607661546327563e+02 2.442185247323579080e-03 2.357105702219017274e-03
6.513490946272802375e+02 2.394320343513354175e-03 2.307363777038794195e-03
6.558685659571428914e+02 2.346819787609776865e-03 2.258073298854406698e-03
6.604193962330305112e+02 2.299684441731857879e-03 2.209323201516734739e-03
6.650018030431118632e+02 2.252919003191430555e-03 2.161024374226376121e-03
6.696160054853222618e+02 2.207169717584129415e-03 2.113152288017623292e-03
6.742622241778342413e+02 2.161822251046564489e-03 2.066416659141753504e-03
6.789406812696105362e+02 2.116837515040953781e-03 2.021172694283727197e-03
6.836516004510237963e+02 2.072301304717083081e-03 1.976366932083493955e-03
6.883952069645496294e+02 2.029071390482517327e-03 1.932033255080416742e-03
6.931717276155407035e+02 1.986243071984540240e-03 1.888227857049305574e-03
6.979813907830659900e+02 1.944298793489378273e-03 1.844821658520290342e-03
7.028244264308345919e+02 1.902701901651728455e-03 1.801815253394297963e-03
7.077010661181889191e+02 1.861568699938792332e-03 1.759679496217058433e-03
7.126115430111744899e+02 1.823032817477423465e-03 1.718194372533395119e-03
7.175560918936928374e+02 1.784941683958102569e-03 1.677491734204870433e-03
7.225349491787213765e+02 1.747356977912442252e-03 1.637613599221759454e-03
7.275483529196225163e+02 1.710139048187088277e-03 1.599065294487895432e-03
7.325965428215230304e+02 1.673302451880358428e-03 1.561190428603813525e-03
7.376797602527731215e+02 1.636830139882841347e-03 1.523761560796349241e-03
7.427982482564918882e+02 1.600680966524638477e-03 1.487255301860700759e-03
7.479522515621821412e+02 1.565121524375932480e-03 1.451358221549368726e-03
7.531420165974368501e+02 1.530909620535780532e-03 1.415870886936599965e-03
7.583677914997190328e+02 1.497074464686119375e-03 1.381176673308415117e-03
7.636298261282241810e+02 1.463560971657377856e-03 1.346752617835849210e-03
7.689283720758313621e+02 1.430480028943803116e-03 1.312480096032804956e-03
7.742636826811269657e+02 1.397699814169750141e-03 1.278581255298893776e-03
7.796360130405229256e+02 1.365220777954470263e-03 1.245627831520626245e-03
7.850456200204508832e+02 1.333278912447982646e-03 1.213018474836466106e-03
7.904927622696420713e+02 1.301926616786038384e-03 1.180753465990925415e-03
7.959777002314986021e+02 1.271083546289116049e-03 1.149778210019357328e-03
8.015006961565404708e+02 1.240918008851242147e-03 1.119860584556495956e-03
8.070620141149498750e+02 1.211616206039217367e-03 1.091585114888055401e-03
8.126619200091945459e+02 1.182997594296841424e-03 1.064293206076281266e-03
8.183006815867389605e+02 1.154721342769474525e-03 1.037642154450587164e-03
8.239785684528519596e+02 1.127013055648006879e-03 1.011277404267553557e-03
8.296958520834906494e+02 1.099897585155557977e-03 9.851991055768510516e-04
8.354528058382862810e+02 1.073050993881545295e-03 9.594073925333944722e-04
8.412497049736118697e+02 1.046797507728939756e-03 9.339023832105412251e-04
8.470868266557401967e+02 1.020907539145024783e-03 9.089361750642821350e-04
8.529644499741025356e+02 9.949579611158991966e-04 8.843833176893057223e-04
8.588828559546249153e+02 9.693342569872812542e-04 8.602604822830811539e-04
8.648423275731718149e+02 9.443516767603016195e-04 8.364156792964716871e-04
8.708431497690723972e+02 9.197175074874794657e-04 8.128489637488813934e-04
8.768856094587426924e+02 8.953427878956100091e-04 7.896030961270972173e-04
8.829699955494091910e+02 8.717181272278972217e-04 7.667988423556034144e-04
8.890965989529157696e+02 8.489177649962226496e-04 7.446258145825869913e-04
8.952657125996400964e+02 8.274164662726871079e-04 7.227570344238281328e-04
9.014776314524917780e+02 8.066709034318370443e-04 7.014996325223850143e-04
9.077326525210223735e+02 7.865369101890598699e-04 6.812650489802619209e-04
9.140310748756231760e+02 7.666186917942558300e-04 6.617772059804859263e-04
9.203731996618221274e+02 7.469163153483573741e-04 6.425288640754684691e-04
9.267593301146882823e+02 7.274298847275654373e-04 6.235261056510310075e-04
9.331897715733239238e+02 7.081594917223592084e-04 6.048091881726664568e-04
9.396648314954691159e+02 6.892433079150955214e-04 5.863305420470231845e-04
9.461848194722001608e+02 6.706526376367992525e-04 5.682611247042714583e-04
9.527500472427290106e+02 6.524254049107262475e-04 5.506299184304703099e-04
9.593608287093146600e+02 6.344076834428176654e-04 5.332320959980707325e-04
9.660174799522645799e+02 6.165995175894796411e-04 5.161130994539003120e-04
9.727203192450537017e+02 5.990035572263880488e-04 4.993260841511601303e-04
9.794696670695395824e+02 5.817647804923733361e-04 4.829223369828261332e-04
9.862658461312820464e+02 5.649447490488447099e-04 4.672587885348312531e-04
9.931091813749800394e+02 5.484032484261435218e-04 4.519668154170034934e-04
1.000000000000000000e+03 5.322662202779717419e-04 4.371885440761027228e-04
